8511
8222
4647
3792
6005
2970
7698
9451
1823
6796
5919
6921
7940
2700
1234
7194
4566
9228
9119
7082
8456
2920
4702
3808
3320
3507
2716
1068
7475
6703
6198
62
1170
6673
42
3075
1254
6773
9599
9711
8596
529
2207
4373
1071
3286
3938
9295
6427
8698
354
3567
7529
1466
1138
8898
1594
8543
3604
785
6383
8986
3790
1286
2935
3835
3069
171
8578
4014
8535
6575
3236
8281
3603
6390
8133
5830
7353
3191
7830
4636
5455
7369
3193
6218
7568
8617
7984
154
4577
9304
4016
9290
7356
9474
7270
5404
3132
1266
464
8917
4817
4926
7927
432
1555
9636
7616
409
9688
9124
1339
4454
7529
8267
3260
4824
6913
2327
3023
7227
7529
9092
2486
1398
4322
3833
8038
5528
233
191
3741
8543
3610
3197
1382
7129
5064
2870
7437
1784
2699
565
5917
7654
2732
9203
3766
2701
1023
3168
6323
3711
2441
1633
8807
239
5360
4222
7780
5973
5716
7114
8757
7699
7178
4185
3522
1987
855
8469
3325
9969
1626
5804
7457
2145
8062
2893
5576
243
5384
5055
4515
3830
7442
2233
7000
7508
5568
3761
3699
3060
2623
8575
2572
7397
3242
8942
8825
3578
1577
8098
9987
3027
3185
2070
7220
3140
2559
9715
7862
92
9183
6366
8372
9619
452
3327
2024
4528
3772
7276
6850
8255
9119
2954
856
6149
8217
8890
1002
4050
9633
3858
2057
5691
7168
1205
6885
2602
6040
7125
531
7127
2709
9758
5931
2814
7261
7406
9285
2426
6761
4285
9728
8541
4011
538
5656
127
7033
5403
8881
4244
501
2531
5498
6965
2105
4086
5985
4688
8635
6210
6992
3097
8223
6566
6496
5306
9950
1484
5979
364
7240
7961
5331
1023
3492
9173
8697
5333
3038
9917
4194
8069
3383
5349
6141
2498
7487
5388
9117
3172
1322
4625
2237
7150
4095
540
3243
7753
9499
2757
4405
5943
7206
9406
8757
2036
5833
9909
3820
6286
9899
7847
9298
7434
677
3655
6867
3733
4953
2462
3481
7206
4683
1636
5933
7123
6195
3538
4990
9698
3254
9063
4569
3335
6496
5337
5048
2640
106
8485
5417
4118
4741
2569
4569
4475
6314
1223
7944
2320
4798
1515
9495
8838
5464
301
6850
5968
4304
3963
7932
7939
8887
4196
8341
6582
8455
8605
4344
2436
4012
2308
9731
6578
6683
4696
9285
3566
3639
6045
8641
4561
5431
1381
4660
2327
3712
9158
7464
7634
4129
1924
7926
4917
3021
6261
547
7677
2297
8260
285
9872
2462
5014
9664
881
4141
2167
4326
2222
2129
6204
9790
6908
1233
7312
547
5297
158
7337
8300
408
3156
9662
4234
1071
482
8981
1478
5158
9302
3867
4335
1463
9126
178
944
9205
2563
3954
7680
7883
4818
1227
5516
8487
243
5914
4495
8039
6083
1260
2224
2476
5177
5658
8636
4595
9500
1465
76
8411
7137
8891
5977
5999
4154
6711
8181
10
684
9201
3718
351
7533
4305
5185
282
2969
716
6158
9727
4248
4614
7473
315
2173
3421
5378
4708
8911
3019
1644
4634
4135
7293
3097
6937
669
9921
5016
8129
6200
1470
8311
5812
2162
7662
5201
5721
3019
234
3136
1464
7351
3930
5315
7655
4575
4034
992
7168
9247
9651
1058
8361
9137
7574
2049
8510
7041
634
2483
7648
3980
517
7052
9567
4735
1383
7370
5874
9290
9923
8676
9341
5347
7159
8741
2205
986
1229
7158
6903
9513
7072
8459
8448
4199
2419
2976
9362
3353
4765
3760
386
502
4407
6659
1470
8797
5673
3438
4761
6099
958
4824
7794
6781
4595
8412
448
5940
4523
3243
8911
6644
6862
8822
4727
1644
7013
7664
3883
1588
6296
5166
3733
2125
6181
4318
1122
3793
7357
5871
5755
5059
9043
1795
9172
4225
6045
1437
4352
1318
2403
1213
8020
8995
5735
8036
3426
2182
8325
3011
9249
2417
7170
5740
1064
2860
3141
8583
555
4494
4348
1431
8938
4693
6331
317
5873
6546
8256
3570
7462
63
8643
6134
9270
3696
9186
5981
1103
1079
6576
5021
20
1003
1425
3323
9398
2341
4096
2697
6138
7849
3791
2876
9762
4658
4833
355
2938
5602
5442
9900
1770
6305
5832
7727
4760
6441
2859
3587
7690
9246
9199
5544
7461
7221
212
3772
147
6683
3576
9437
5211
8701
2680
1826
484
7942
5995
3339
2379
2114
9558
4811
4888
1581
9259
4659
3453
2398
9292
819
3872
7249
6212
3914
5784
9430
2381
4358
4413
7556
5728
5506
9570
1052
8034
5568
8094
410
5481
2553
8251
5273
3621
4535
9308
6658
7752
6078
9225
6671
8577
2129
8572
8428
5649
6644
8248
4761
7696
8302
8344
6632
8490
2007
5026
2816
3989
4902
6818
8252
8568
165
5796
1542
4153
1991
8340
1671
7596
5789
1258
6297
9163
9463
8046
5816
8274
7893
8521
260
6725
7627
2822
2116
3882
7220
1494
1401
2868
7275
3917
9024
2140
8542
7915
4472
7791
7715
1530
3548
9758
7002
4316
3514
4192
6840
2098
4419
5672
4078
1296
5049
8847
6819
592
9747
3013
5489
5549
5030
1151
5205
6839
5660
6445
6604
4107
3342
5332
7121
4959
9819
3439
8208
5099
6134
2511
6623
5608
5471
1799
3133
5463
2474
7435
1516
6884
2006
3013
7027
4007
6805
7103
5645
6263
4531
854
2298
8353
8759
8836
9440
2054
79
9580
7939
7383
8304
1116
4077
4802
6646
3765
1785
4991
8914
1829
3425
4665
1820
6717
6371
8355
2201
5241
8072
2933
6317
3467
1614
2362
8508
1495
4684
617
8316
7632
1999
419
8225
6066
1033
671
8724
1683
8895
4984
6931
7949
4628
7549
5292
2073
2827
423
3683
4648
5257
6532
6055
5421
1689
6468
1806
603
6478
4060
9800
1525
8531
2932
1510
826
3464
4242
9228
6604
9498
9621
8351
57
5264
1202
3804
6145
9211
6928
4354
6211
6541
6567
704
9115
6927
521
5379
1931
1829
8571
1129
7390
6818
7724
1662
5643
5699
8597
4306
9019
1403
579
8861
2504
279
7732
3701
4376
1292
7437
983
3068
4969
587
9146
3667
1626
6274
1979
7967
6320
5221
8697
7537
8608
308
2559
7239
9466
3
3279
2854
6030
4163
2101
879
9550
1655
8467
5736
4826
1178
4814
6472
4252
578
9373
1986
9372
6581
8275
8121
514
1181
3976
3874
52
8443
3675
6105
1217
6088
9619
6727
5175
349
8275
8014
1210
8543
5276
8313
6305
6432
9851
8014
2534
3614
590
7508
9904
1288
3147
9475
3907
6741
8966
166
9541
5962
8677
1719
3169
3676
2726
68
5243
1081
9108
3045
2850
4148
2701
3851
2779
994
9875
8931
336
4432
8603
3865
5348
8624
3310
9695
9094
5475
6806
7788
3449
6950
9990
2391
2390
5972
8412
6037
9238
3907
9067
8276
1636
2097
53
9400
2304
593
1474
6667
8352
5786
4132
5756
4016
3347
7912
2716
6677
7624
7696
186
1597
287
4382
5874
7444
7428
3203
9083
7084
7781
5944
8978
632
2100
1256
6633
1157
7190
958
2857
2311
7259
8865
9827
2117
2308
2389
9758
6305
7504
1801
4731
6432
5927
9399
5439
2885
9384
9401
4623
7428
552
3431
5905
2216
4148
5005
1254
1090
8189
5988
8634
8989
3175
2871
9827
506
6638
2390
9358
3795
6185
2655
5483
5039
5098
8363
7914
8873
1262
1988
8390
5995
9823
6959
1637
390
2443
5816
3024
5403
2159
6224
738
5311
7549
2998
1137
4127
9198
9221
5260
6517
4919
8045
4256
5161
4331
4404
5294
6277
5694
1620
260
6717
1562
8058
1918
4123
2856
5353
2079
2259
7139
2171
9161
9265
309
1750
3769
1300
2317
1291
6099
8827
6358
8552
751
6042
5588
4646
3101
7739
3288
267
9957
843
7630
1753
8198
726
9036
3138
7648
2671
4602
1752
8124
3174
8967
9414
7170
4106
9813
7160
174
5589
4482
784
3455
9730
2120
8772
5457
5249
3391
4848
766
2742
8262
2046
2469
9187
5572
3982
1179
6898
9802
4263
9057
9080
2280
3599
6717
3696
6037
450
7626
6587
8082
7020
3996
6823
6886
462
5926
2670
284
903
9322
9049
4444
5014
4942
8667
7477
2928
6864
1684
3106
9752
7710
1016
7721
369
210
5201
19
2923
3189
2293
3630
6521
8502
9937
1329
9897
4454
7228
3909
982
734
9368
6723
1514
7235
5646
7800
8029
9219
3411
1843
9061
9613
9130
4935
2082
4582
99
3294
8250
12
662
6688
1082
4758
1639
6594
6127
6229
2180
2395
8575
6234
5261
7860
5394
436
6066
4637
3568
173
8474
8350
4908
8237
2578
169
9077
218
2440
150
5806
5349
3664
1875
173
3105
6086
8795
6575
4250
6262
4257
4323
673
5556
4786
8149
4705
6470
6698
6664
2582
552
7348
2308
2476
7309
2299
6120
3907
3339
6971
3988
5768
2316
1869
6624
4353
4222
4365
5973
8409
3759
7171
2601
7166
5034
5586
3837
3276
4716
4495
7221
7836
2255
1301
6941
1558
1871
348
6543
4606
1986
5489
5919
3772
7838
8222
3682
8362
4611
4455
2581
9675
4827
3893
2065
251
654
5158
150
6950
3214
7678
1128
1848
7147
1828
3526
3635
1631
5022
1162
5652
2332
8755
2242
5806
1189
6568
2069
4010
5065
8865
8958
367
1288
3575
5903
2608
5182
6462
8167
8174
580
1284
8431
5250
1670
6221
5738
3693
2201
3912
7912
2843
1787
9505
9575
5925
5100
205
1382
559
534
10
7937
2893
9566
5300
9756
575
2525
2284
8664
3392
5777
6331
6281
1974
6854
9578
2285
2080
8968
6333
4584
1973
396
2436
6081
7657
1446
8041
3937
7349
7900
7804
3197
9738
1915
9884
8198
2232
8451
8210
6213
5183
6986
6893
4639
5111
4263
20
1936
3488
1267
7753
3374
261
8104
7987
8147
3054
4610
6256
4038
7286
9060
2306
3588
877
4455
543
3419
3849
5669
5497
2538
7855
9983
8551
5458
3603
7985
1495
1190
766
9505
8615
4587
9639
2793
6708
4507
6163
5252
5498
4529
5274
2366
9362
1955
8612
3525
7327
4377
698
3711
6333
293
4932
2401
7449
3646
4311
3829
8227
4024
4440
9397
2536
4329
3454
4793
4567
8995
8640
1110
8296
69
4208
7662
2293
4115
1111
4511
3727
415
7817
5365
7236
2084
1076
6693
5718
4865
2958
7225
7561
2518
52
3578
9490
646
7362
5243
3125
3722
4722
9453
1041
1666
7511
4680
2854
5600
664
8655
5779
4956
115
1607
9125
1440
62
362
4372
7369
1908
3709
9451
1979
9273
4044
4910
8880
5465
3775
6910
3805
1185
3889
4156
5283
5556
8416
7442
758
2498
3394
34
2489
8760
8444
2851
2524
7310
1139
7717
7587
3080
238
4694
2614
8712
2980
7972
2568
7753
8777
4537
6190
7153
5852
4335
6148
7049
3408
5390
672
2187
3200
1753
8664
5423
7472
2415
5874
2194
773
7162
6538
1574
717
7328
3617
7491
7858
1938
8338
3319
220
126
7974
8538
3541
1448
4677
2325
5647
9132
6249
5227
1954
1182
3745
615
7163
4336
523
647
8637
6188
4078
7986
176
822
8355
6472
6942
5233
925
2771
9171
2948
866
6536
828
2462
5147
5054
789
484
1949
1312
2552
1431
5845
9213
4418
2732
1583
6475
3530
1616
3597
9623
4814
7429
2626
9233
4132
7192
878
637
8183
1404
1050
2823
3449
2429
8844
6401
4990
6198
1100
7631
862
287
9759
6101
9731
4619
3324
5326
3101
9388
7362
9892
6379
5918
2461
5078
7414
680
7725
6170
5726
838
5841
5974
2050
3103
4427
4661
1053
2377
9041
7533
9319
2019
395
9331
7448
9486
3928
2480
5303
1586
7431
4943
6585
8196
5098
6641
7511
5576
2884
9068
1299
4381
2463
6172
9550
2506
705
7104
1603
2152
982
9993
1054
2349
7094
4429
9263
1802
3004
6311
9005
9334
4419
2158
2306
8026
7123
4058
3459
5935
6679
5910
6521
1503
8609
9856
5575
3722
9667
2478
7772
8038
2135
5688
1417
216
9044
1136
237
1206
9217
6502
6648
6063
7429
2915
5194
9806
6743
2967
3414
5743
890
1462
9539
4494
2569
4080
2102
2853
5415
5456
227
9814
5709
6625
18
1195
9479
7301
3142
5608
4829
9000
5217
3996
8376
6775
8640
9873
6387
9832
9550
6418
9192
489
9046
5103
8061
1605
5682
9464
1508
1814
9009
7578
4763
1351
5460
7379
7356
8641
5516
2759
7674
55
3296
9012
8902
6555
1678
8787
2347
5110
9107
6010
7908
5241
5622
4394
8682
9576
1506
8745
3820
8920
1590
1557
7631
8944
3914
3108
485
5871
7416
382
5513
8577
7014
2478
3224
7026
3325
672
5596
5128
6572
2955
5946
427
2549
5601
4505
6749
6124
3733
2108
267
6224
3074
7775
5671
802
806
4095
6830
1485
5642
6132
3561
5543
4740
5749
2408
4620
4256
7014
5266
5292
2556
5886
691
5503
7573
8257
4215
9594
4649
3281
2627
1000
6431
2818
6215
9142
6897
9239
8310
5944
7092
9983
9782
8800
2782
7679
5333
9812
4159
4875
7157
8193
9542
397
2544
3083
6746
9861
9874
6904
2896
3888
1213
2810
676
9773
9965
9431
6955
9054
9321
9482
7926
2761
6489
7295
410
6979
1397
6870
7001
9968
5272
9448
8481
7084
359
5733
1582
8941
1742
9872
4166
4306
5016
5012
3218
4839
1156
5867
3944
2307
3923
518
5046
2735
2468
3911
1681
2137
9653
511
1933
6848
3063
4343
5296
8620
3134
1963
4332
8050
3808
2182
887
8010
6687
9441
5634
1272
4074
699
3413
1012
8605
8788
4689
7080
8947
3605
7612
8334
3878
7921
5897
9104
1641
5295
2059
4778
2866
563
8244
5506
433
1121
8249
9383
7801
6286
7386
8906
8300
8372
6081
6740
9230
6918
6875
7341
3359
7802
6560
5274
2181
6021
6155
8230
1119
4889
683
6004
4156
869
8968
1434
5421
2159
748
5056
1487
1636
1756
9340
4249
9698
5320
1253
1087
6995
8615
579
6237
4076
1534
5129
8271
8033
2540
4962
7788
4400
9744
9166
4273
3070
28
2964
3579
6987
70
4194
5915
511
9856
4116
1149
2064
3274
7525
6176
2233
3004
3737
7645
7638
4572
8495
5374
9296
5233
4261
1514
4720
2031
5562
3509
9797
3213
5280
6593
8624
5063
6253
858
3453
6420
2628
8597
1482
6567
9293
2211
8487
4358
5199
838
5870
4030
1022
6015
9466
7539
2165
2084
4060
3082
167
6665
1823
7348
1584
6106
45
3676
727
479
4526
5201
799
7592
5377
611
5587
1394
9748
3808
9390
9701
1831
3820
2954
361
4581
7230
7740
428
1197
5806
8191
1219
829
9319
8738
9685
9945
9757
4473
3306
4530
5689
5243
2887
7825
3632
4223
9384
6510
785
3506
1370
5285
259
3879
1268
1981
4865
4841
801
34
9901
9666
1940
7655
9378
5238
4816
1257
6052
640
3529
2965
1548
9396
5377
4087
9243
5447
3756
1760
3993
2155
4465
931
2810
8856
3034
6744
7366
6621
4929
3774
83
54
4335
7418
5738
4844
8947
5177
9128
2981
4798
9664
6002
5762
4967
3022
23
7142
6832
8210
4612
413
154
1427
2815
833
1634
3406
9414
2618
9824
1946
3200
5231
8460
4236
7286
9736
2809
5071
5479
8844
6076
812
6187
8713
8518
7822
2955
5247
8525
6459
9398
1613
1480
548
7268
320
8964
8015
2980
2675
7569
194
7760
4016
124
8094
5533
8417
2183
8829
5351
3584
9808
9163
4100
2013
1710
6911
10000
5064
8229
7749
1207
3492
2294
6677
1488
7586
3764
3129
829
1157
6575
1708
5264
5378
2720
7549
3408
4344
7815
7129
5350
9722
5767
3723
6442
7711
2140
6406
1348
1999
6923
4422
4894
2420
6417
8980
7417
3605
5692
420
4988
5608
6118
9736
3363
8358
1180
6464
654
1196
4222
8798
4911
5930
8976
340
7299
103
8019
2565
1148
1131
8325
950
7840
5840
1359
8815
8049
4255
2565
5840
7736
5422
3090
915
6234
147
4467
9952
9342
8805
2468
9479
5201
6304
4238
8699
2902
8323
1271
5582
6732
6215
607
9777
2979
3197
2229
4127
7150
7097
7050
4240
1538
5753
7127
4000
6097
2980
8439
394
5488
655
4948
8090
938
94
1119
6920
9088
9254
4641
3506
9165
8727
5501
1343
2828
3971
4833
1762
4179
1523
2120
6854
5755
397
675
646
2831
4413
6861
6199
6775
7254
7891
9584
5490
2618
908
3347
4914
1430
7576
9762
565
127
533
1462
3518
6606
3204
8676
595
7392
5895
6671
7463
8039
8419
8557
4789
6611
1549
9249
6936
8026
1984
1045
1882
9738
3805
2227
1057
1131
5731
855
3389
2193
3012
2222
3381
7054
7610
6863
5529
3601
2685
3654
7387
2652
3951
1823
4670
5655
8047
3454
6965
1925
6028
2082
7688
2604
3409
358
9904
4908
5899
1223
1707
8301
6848
1146
6842
6255
6140
5455
5669
8926
9798
4512
4318
915
6639
915
7324
7961
7447
948
927
4446
5111
6896
9626
5260
4363
3364
5880
2914
9111
6375
7542
7859
7884
5539
7328
2015
2596
2000
9583
110
5647
740
3218
8567
829
5095
4859
741
7631
8299
3513
2208
661
1047
8862
6631
9147
642
7713
3038
107
7156
5207
3869
5544
8815
6676
5558
1406
5108
5303
8095
3343
9505
3216
384
2999
3498
8702
2839
9801
908
7153
9140
7348
5682
1370
5140
3301
3809
6561
3493
8473
3600
3465
3038
3440
2486
6097
2436
8166
9849
127
5480
6134
4766
9165
4931
809
702
8373
3288
2755
3664
7329
4656
3790
5497
3600
4702
2697
4287
8193
1256
1782
2252
1472
3074
3468
6684
4800
9980
7891
1132
1670
193
4164
6413
120
3818
2415
9525
3675
1533
5686
1690
9015
9902
2910
1605
7546
5805
1860
516
7464
312
8264
131
9774
9764
840
3257
366
4020
2837
5051
9608
7356
2804
1555
3922
6071
4046
2518
7565
1505
1035
7240
921
5694
7986
6858
873
1251
2351
376
7658
6983
4753
3128
3997
593
508
3902
1610
3742
4993
4570
9456
8009
7831
3587
900
6243
1262
5672
2091
7319
8258
8191
8327
1855
3224
8442
605
7864
3570
2327
3089
6188
44
5412
6429
1063
7196
1938
4632
2570
4820
3683
3134
3686
5957
7987
5794
4905
1984
3651
6048
6853
916
5291
5672
3833
6103
5005
7915
41
3567
7848
1003
2795
8643
7528
6165
6831
2149
1759
3111
4864
5490
1928
7929
7018
2383
8551
4708
9000
6674
4619
9301
1157
2752
2914
6000
8412
9002
5801
2995
1914
2089
1792
7740
2758
1500
4601
5512
4975
3783
3583
5760
728
8138
7655
5978
7990
7091
5057
5330
2933
9869
8135
2819
2279
6303
2704
6226
1042
3835
4786
5103
4277
2134
1676
1964
4984
1648
841
2306
6800
8194
5459
2780
6923
4888
8739
9990
6466
5878
6122
5560
9594
4616
8930
2463
8326
6164
128
9532
3194
2733
5546
6865
8752
4643
8544
1039
2960
5634
7150
7256
4954
2985
8986
4534
5563
8439
6073
1235
4524
2479
4551
2989
2791
426
4254
6232
922
7411
2935
3874
5570
3836
7192
4891
7368
9088
662
1230
629
2698
2772
197
3856
4792
6870
1028
9892
5623
7746
2920
8066
1233
777
261
2654
7260
1588
8125
9273
6682
9146
1231
8190
348
5085
5014
6286
8463
6126
4835
5144
8195
5895
8036
7364
4286
1084
6963
5542
3089
3672
3142
3080
3375
4983
631
4348
8910
6153
3809
4098
9006
1110
7807
1922
4996
1935
2125
5823
3275
42
1035
7381
7914
463
616
5596
141
6859
5592
2082
5984
3826
3585
6263
3444
9
4722
1047
5800
1766
6726
1600
4903
4741
1801
4974
710
663
823
5757
575
5860
4077
553
1206
7522
9887
3294
7927
4237
7299
1837
5461
8403
1477
7411
4926
3975
4902
210
2899
4306
9893
2435
9619
186
1755
1693
298
6246
2318
341
5936
8727
1991
6803
6575
8606
4080
1184
4159
3395
8459
4419
9592
2437
9588
5965
709
6304
9716
8902
5578
8123
5158
3727
2836
477
2466
9044
1374
9119
8110
8466
4247
6264
3961
4388
3218
6889
5457
3990
4219
5125
5038
1736
8679
3641
7688
9143
4437
6250
9108
6032
2060
2036
6235
6579
7358
2983
4747
1617
5438
6592
9805
2202
7440
1326
1931
4687
4948
9086
9069
2976
5800
5003
3715
9499
2996
253
3517
1095
4654
3992
7537
1013
2867
8962
3782
1480
1616
6390
2991
1629
4144
2966
8825
4784
2337
4294
7804
3650
8826
695
7910
3105
640
3689
4187
8509
1320
5780
9065
7840
4537
7704
4159
4954
5911
6927
7013
2927
5307
981
6240
980
6842
1249
8627
4297
6379
9835
1576
246
2734
2864
9096
6284
2594
1685
839
4067
8322
3480
6856
9284
3210
793
3798
5291
4443
2290
8148
293
3416
8726
7383
4910
6908
4269
7498
3032
3332
3720
5091
1713
651
4495
1969
4968
3475
8309
727
9574
4424
8114
1940
9276
7118
4112
2263
4669
9766
5375
5526
4442
1927
8618
9356
5583
4700
4577
3100
349
704
9776
8610
5423
6868
2584
7190
8437
615
4438
7830
6255
9891
6001
3343
859
4523
328
3593
5843
1437
7841
3490
303
6097
6551
1837
598
1122
8294
6778
7095
9211
8450
9200
130
9117
7815
880
1071
3763
9929
8533
9432
3044
2998
3295
8676
3971
4127
9687
4971
5463
9425
1020
1539
3128
2877
1318
4596
3172
4910
9836
8149
9147
9827
5877
5808
4214
5624
6755
48
6516
3787
3828
6186
7597
3252
9471
6969
4296
1359
5118
5161
9988
5023
7149
8073
4769
9380
6221
6685
5618
7641
3791
6358
2443
6647
174
6677
1492
9575
2466
8162
4176
471
1531
5956
7324
8114
7817
3838
1585
3972
4774
3828
5504
6290
7122
1101
2557
285
9204
6377
483
5601
5164
4474
9688
9857
2591
5665
7421
2406
411
9655
8381
3766
8260
7781
4556
7895
4256
4196
8647
7929
1271
2694
6526
7203
6007
7405
4411
6783
8307
5580
5759
1812
9436
1172
8737
4309
191
6904
3559
2056
1142
6195
847
8611
1346
3173
8440
4136
325
6725
3347
1338
8162
5
5715
783
9156
5057
1572
8631
6208
3263
3398
4346
3102
7880
4843
8392
3230
5431
8132
7221
9583
4106
8069
6495
825
4028
7039
338
3162
6545
656
5861
4725
747
1951
6517
8539
548
8873
77
7893
7847
8781
6114
1193
6840
7620
4376
3089
9773
5508
4635
8739
7316
7774
3611
1274
7240
4135
542
918
1153
8410
3063
6672
2606
3919
2063
7149
7647
9310
2296
1439
2924
5026
6855
9845
9008
5397
341
1906
7035
906
8023
3547
621
1250
3178
2553
1817
2459
9486
4119
4647
2632
9136
8582
2533
3910
2199
7496
2665
6387
2541
3977
9921
4437
5403
6419
7691
8796
7053
6658
1066
4361
422
9896
6695
5994
7735
3781
9972
4169
6566
3405
6045
7465
4626
9720
2541
2725
9433
1103
6882
9574
2039
451
7839
9321
9894
4850
2368
3549
4521
9439
8319
3243
7647
1804
2708
7142
7180
7855
3502
2213
3547
1136
5843
3799
3318
7926
2286
2868
2056
7417
9413
6807
8791
4557
5440
9926
1294
1273
4631
5411
1245
9337
6747
1
4554
5483
2494
9473
5588
2271
237
9950
1251
5524
7725
1452
4268
3591
9443
9641
3569
8076
5126
5156
6639
7302
4848
1112
8282
7154
9665
4259
6535
2240
5611
7313
9142
601
954
662
3213
4258
7056
3638
2051
7069
4773
5598
1178
4385
1324
4439
3227
1947
1780
633
1591
2997
7699
1674
2852
2809
3603
6306
8762
9448
46
9919
9098
687
4015
4259
8125
1027
7189
3645
8204
4773
3534
8669
461
2513
1382
7417
6541
4683
1501
5124
8266
1355
379
9764
251
7449
6708
6330
5108
9620
9825
2152
4533
349
8405
3865
9018
7570
4641
1199
5646
4168
55
2799
8400
7892
7892
459
6134
6437
307
586
5918
7327
9703
8007
9328
782
8506
697
8155
2985
4127
9579
8746
1593
680
3961
307
9015
2196
2772
9928
5245
3988
576
8080
8499
7844
4113
2972
3822
9799
873
1244
3206
2183
4130
7056
5186
6246
1563
1741
1447
5967
1654
6035
5358
4180
7212
9855
4851
1624
4422
6853
5690
1277
2108
1527
9777
3244
8388
7522
9139
426
9867
996
9514
8053
138
3681
679
3390
8732
3738
3239
2193
6997
5136
6653
5816
2003
3966
4319
3683
339
7216
1360
5879
7941
8211
7040
7482
8650
628
8462
3711
495
8506
5246
7427
3250
9235
2152
7813
1018
2099
391
2204
4215
3203
68
8911
5965
5249
9373
270
8155
4464
282
5081
4072
1002
954
106
1058
4225
127
8076
8079
3679
475
5272
4080
6049
7320
6665
9859
7109
5871
1622
7866
1769
5559
7750
9324
3123
5829
8737
7946
5140
2742
6733
7733
2049
8696
6138
4707
4400
2345
3799
234
1235
2007
512
6996
4260
2140
8435
739
5581
6758
8884
1467
6737
2330
9035
3271
125
7874
5717
7896
9753
7268
1710
8636
1731
959
6524
8822
6537
5736
7909
1797
6776
9183
9900
2169
3813
8473
8522
6969
7552
8884
7241
7456
9728
946
6957
1009
2140
8866
3997
3726
5120
4098
313
3937
3092
4675
3675
7429
6838
3711
488
9970
1516
3158
600
6081
2645
914
2276
4846
3019
3752
2623
9156
7803
4373
9467
6872
6984
787
8680
3878
9846
7921
5502
5196
5559
5225
9070
1907
7715
7262
4750
5142
2216
6250
9819
7499
3823
8461
4884
8540
1213
4441
8016
3941
8818
5277
2969
7304
5093
5886
8319
482
8013
5268
1051
2109
4365
6805
5201
9226
5585
7921
8261
3884
6127
5402
7334
6787
9319
8463
1082
6131
1135
3641
8173
7578
5653
2858
1124
5539
5866
3490
6518
3032
5678
7542
2813
6074
5993
3195
5306
4646
7882
1904
7062
7043
2504
7658
627
3211
3118
8294
9180
2819
7913
575
5899
1197
6753
1618
2692
6500
9031
5310
9706
7803
9652
6966
5176
4266
1810
149
3025
1953
1173
4279
9965
6610
7541
8889
9228
2978
2598
5421
8298
1843
1479
8207
6770
4309
8198
6309
4550
3467
297
7404
5500
5887
6894
5504
7514
1428
1816
4569
6846
8095
6723
2002
6276
4024
7633
8837
1119
871
5200
7362
6248
6937
365
8968
3373
4336
5726
9804
4298
4440
4711
457
6956
2928
9888
453
7105
8471
6383
3900
8846
1615
2662
3534
6177
8528
6000
2017
905
6112
2841
6205
1930
5613
2378
9229
1186
3630
195
927
3348
4319
7271
4061
6928
6955
5898
5482
2049
9250
5454
3332
7022
4587
5490
6874
985
8157
7438
8067
9567
8420
9537
7430
9404
2382
6019
4198
2918
8975
6774
6664
8531
3251
2911
3038
9045
7018
7736
5086
2762
3270
1849
4564
7782
6015
7407
8524
8768
373
509
6541
35
8040
149
2068
9625
2619
8794
3918
5055
7802
3612
5271
5669
3609
37
2331
9186
4592
2112
1111
8373
8344
6719
4298
5705
7758
7869
5940
8263
6336
9308
8655
6599
9176
6943
4082
8894
3870
8258
6077
8809
9813
3588
4365
3623
4797
6361
4773
6627
8555
8782
688
522
3867
3290
4052
6921
7450
3757
2295
2189
6134
1283
7662
5526
2810
8218
5966
4231
3589
8360
6233
8083
3451
4171
6807
8716
2538
5447
1345
3816
9385
5499
7232
6303
1442
9947
2631
8625
4433
6726
1166
3363
8806
9449
7891
6155
1595
8563
5561
4893
9903
8824
6289
677
4035
3464
6417
9266
4503
4109
2748
2657
1078
1122
597
7461
3220
1376
3145
365
4207
8027
7014
7943
9494
8772
6429
5075
1408
3
1475
4547
2554
7370
3287
8147
484
7236
5536
490
3315
5112
486
6752
7082
193
7201
1615
3713
9083
5611
1275
8685
7605
9094
1035
5998
3786
5506
436
2969
3506
5623
4165
3109
505
9046
7881
5259
1465
2233
1840
2317
6185
1278
458
7320
2795
3923
9868
1345
8309
7029
2795
9749
8878
5765
6000
2352
2924
6555
1729
8218
8693
6367
292
4892
2028
1795
6841
8885
5870
7005
2601
9052
4457
3337
2688
7245
4782
8453
9231
1771
3438
1080
4101
1794
4998
371
9581
3575
4091
6029
4335
3384
8384
8848
5938
5329
9836
4868
3880
443
6430
1473
3802
416
4708
2949
3128
5654
8017
9797
3136
3032
8354
1920
4285
1054
8106
1678
3830
5675
3459
4456
6951
8902
8888
7168
3741
5828
5135
5375
8883
6165
4340
3770
8936
5410
1771
5817
473
3813
6731
1812
5684
7523
5816
2027
4403
9616
3253
4897
8054
5694
2735
5424
2276
5705
4527
2895
3541
4438
1421
9460
2876
4617
314
1046
8242
5446
1974
6321
3709
4853
1291
7317
2201
3657
3032
4182
9941
2550
2056
4982
4505
5221
4317
3793
444
3717
8157
9203
6021
340
2824
9240
2077
7501
9257
9625
9688
9060
4099
4462
234
932
6254
8114
4633
7774
7131
2216
8097
2432
6295
6052
3563
3996
5117
1738
9041
1588
2524
3804
5134
920
303
2524
3506
2922
8461
121
1900
7162
4761
4069
5670
1421
3877
7663
7415
3886
767
456
8292
9758
791
3571
615
2683
4257
6552
6476
6625
1325
8195
7272
1433
450
4109
860
2684
451
6301
2583
6933
1626
7060
9288
2418
193
7723
1808
6641
2514
7382
8060
3302
6826
4837
7779
1861
5111
2411
3039
5196
3277
8911
2863
439
5720
7134
6585
4324
3007
8013
241
7013
7912
4844
3864
4658
7410
9104
4180
6131
6115
4726
4987
5553
4518
6187
2148
3750
6194
2951
301
3193
8161
5396
1843
3695
4211
236
642
3709
9307
799
5065
8292
7940
9401
4682
3642
6825
5683
5982
2509
8088
6085
6743
9842
3673
4212
6755
3512
2527
153
1989
8283
8496
2222
5698
8928
8088
9117
6305
7769
4156
6123
8725
6350
6652
8534
4264
5942
5800
9330
621
5866
8305
5946
1273
4477
9789
3922
7022
3681
8757
688
8726
2868
4108
1240
9971
8233
6113
1466
9817
2986
3363
6631
840
9240
2554
8203
1847
1643
9336
2771
9235
5816
3006
5383
5250
536
9802
4440
5145
6917
2774
7532
207
7619
8798
1363
3382
8562
1026
708
2837
1915
1376
5557
4852
7374
6841
2686
3923
8857
5315
1189
6120
8755
4464
2448
4304
8565
4154
5717
1314
69
3718
6186
6667
5335
2757
7182
6984
1886
8714
8123
7165
5808
3803
2742
4872
6108
4203
1036
6379
9090
5234
4364
4456
692
8989
1441
9887
5729
1899
1937
8890
1988
7252
9190
6528
2880
5550
7867
2205
7550
3977
9322
1721
5745
4093
6850
5784
9208
1916
4844
8726
123
6228
2872
323
3493
112
5131
4664
592
7249
5381
4534
129
7109
9533
7477
8385
9443
9457
2206
1033
6815
3758
6687
8749
988
7736
5485
4139
8410
6756
9744
5539
2878
3576
531
2600
3225
8662
6815
152
1492
8964
6683
838
4359
9425
6641
7574
1081
506
8089
5863
7607
4759
4636
1264
5519
56
3083
2139
1458
3321
1480
7300
8495
6065
7741
6464
6307
5882
5063
7836
3905
482
7010
1453
8415
1177
8654
2726
8107
7690
1079
1858
7781
1087
333
1260
584
2548
9276
178
5011
313
291
9544
1371
7964
1671
5948
6864
6495
1361
2503
9246
4835
3209
515
3755
2865
3905
9677
6892
388
1954
4641
2892
8452
7709
9055
2534
853
5273
5130
3611
2998
8864
1561
3957
6798
9776
623
1804
3116
7079
956
3811
2460
6188
4341
9467
9752
4179
6493
8674
4974
9445
761
1849
5367
429
8030
2886
8989
5116
2218
6631
8024
1453
2151
604
9811
1965
8388
9305
8988
707
8056
1383
741
3781
9757
5806
7573
3037
9091
1886
9499
3298
8603
7448
8547
1315
9382
3492
1136
7867
643
1378
2771
8331
2131
2273
6587
8426
8720
5456
5699
8574
5264
70
4397
816
2127
1395
608
6433
6173
6496
8693
8938
1309
6397
571
3087
8163
4998
3106
3698
1415
5255
9835
9501
9674
2398
1528
4451
5919
599
732
8987
8013
5533
7728
3
6694
8812
2535
5533
9207
984
307
6513
3254
7766
9321
3170
8966
1341
3156
6510
9744
9164
214
7896
2409
1482
2858
5571
1201
3176
1256
1888
9115
9649
8300
5014
8101
3855
9026
8161
8430
4605
4723
5973
6433
2721
7546
5207
4698
1936
1404
3601
1005
6189
7211
9907
6547
7480
643
9357
2615
9675
4992
4450
3377
3959
4167
2064
5421
1818
5617
2538
9942
28
7159
2977
3899
9378
368
7900
4770
896
4934
4805
7780
7936
6571
1610
9968
4067
4880
7048
562
592
338
9105
1724
6548
2618
2351
6524
9409
647
7533
4498
2691
904
6213
6575
376
6606
8329
1150
8517
2210
8210
2235
5689
6357
8952
7501
2728
8634
1168
4918
277
1566
1562
6168
2626
4084
7263
3808
1119
1835
7096
9126
3419
2061
3113
7066
7232
8414
9557
8174
8274
1368
7395
9310
8584
5888
8737
5837
6950
1097
679
7104
1384
6589
4724
5280
9790
8424
6298
7944
383
2984
9712
1223
5646
2785
8344
5722
5789
7232
4316
440
9420
7929
602
2393
4000
7934
3083
6409
8597
9602
1651
7325
755
9517
1234
1988
4033
8690
7327
7551
9415
2854
3237
9085
9127
6244
615
5993
1629
9418
8886
935
9008
2813
6257
9631
7077
4960
9982
110
3746
1470
6025
6681
8313
6527
1930
3506
8970
9357
6296
4126
1786
5592
6947
3637
897
702
9519
4644
7342
5400
3521
2632
1195
8139
9804
6448
1311
9215
5289
9592
4770
4020
6073
4463
9148
3050
5334
6066
5902
771
2360
7888
53
1457
9494
6585
4577
9793
6217
4278
5665
9387
1144
586
1629
1325
7359
4324
833
5836
1437
1357
7212
9943
4779
4010
9736
6497
5797
8598
9855
1882
8590
6993
3096
4026
1864
286
1467
5833
4165
1660
6309
6996
4198
2352
4973
2695
79
8888
8520
3547
5659
5674
1754
1602
8015
1640
4251
833
3975
8675
2547
5789
9146
4894
171
2583
9542
6997
4751
2129
6059
9404
9925
4744
522
9735
5821
5761
7618
2829
7288
3636
7160
6283
9716
9445
5076
824
162
6087
7442
4922
9025
7423
9528
3348
7615
5124
943
5711
5626
2614
5824
792
2420
6893
3129
8181
8627
8183
2376
7677
5017
4545
3233
2183
409
7169
8226
3180
5488
1916
7235
4315
9034
760
3762
1904
6549
6844
6964
8744
1064
5730
8450
7862
2334
126
1857
1750
2831
799
1580
4564
3625
2174
5833
5653
5050
3054
9405
1263
9865
3627
7266
6281
5603
6687
3823
5424
3770
6034
5860
9442
83
3633
9230
9784
3095
475
7773
6683
6800
5388
4229
5792
2190
3829
8910
4735
5489
8588
2503
5133
9710
5320
9110
3379
4481
4857
7233
2178
7712
4569
7396
5223
9000
1121
6132
9327
9280
2312
4063
5896
3163
2439
7946
6210
3206
7950
5666
5688
6753
7280
1137
9322
4501
3868
5788
7278
7853
4574
1147
3192
4788
1888
7951
6268
6
5939
5013
3349
5934
4912
9971
1968
9471
2530
4919
2766
7733
4707
4444
5204
8376
3807
8060
9213
609
2234
3724
8639
6910
1780
9802
1478
6772
7098
3674
6620
8311
1953
246
889
8356
446
2886
2287
1823
7215
9767
8691
2907
7908
6008
5380
3194
8189
3386
4158
7053
91
7077
6150
5954
5750
7926
4148
7794
8768
3506
1097
8830
9611
3903
7775
4293
7293
5516
2854
4108
1427
4386
5135
9281
8942
4518
424
426
6823
2019
5211
3782
2743
3036
6347
1011
9354
9351
8788
5693
400
2141
7490
5089
691
4289
1217
5037
6107
6152
1734
1922
9357
7483
1517
4400
1456
7796
8672
4821
1066
8273
6880
6631
3971
7822
5366
9062
6151
5780
5752
2817
8476
1991
4532
9193
5703
3101
278
6756
4358
5712
9602
8570
574
3090
5225
5384
4808
2340
8560
6758
5908
3536
7600
9101
9281
3796
7660
711
9448
4906
5234
2084
3371
5972
5572
6898
2416
1527
5206
6139
5324
2
6205
2510
9698
9600
2484
108
9083
1350
4509
2323
1018
782
3502
6043
5925
4612
9804
2075
6008
1237
7996
8203
5245
2591
695
8934
1949
8304
2875
6323
7903
2791
9241
3694
9701
8800
8859
6208
8163
8748
6961
1854
2739
98
5991
8557
2489
1051
3272
7881
8252
6783
4582
611
3372
6292
4672
6090
4474
2948
7505
2603
9337
7316
7155
8341
1847
8305
9852
1507
2855
481
1543
5661
8096
4785
2586
4422
1174
9318
1979
2367
8893
9024
6495
9164
5063
970
4274
1457
3543
1238
1850
2058
183
4939
1503
2232
573
5418
4436
5930
8209
952
3505
7600
2703
5254
8636
5765
4600
9284
4815
5477
2758
4351
4982
3405
9949
542
5515
4267
2101
1129
3407
9173
7685
5577
4869
925
7513
6774
8235
8544
2585
9171
6257
803
6379
7596
7658
3441
4447
6899
8040
1360
1083
6832
8187
4969
8122
4231
5642
2244
9306
2363
2646
3732
1123
5409
3968
8324
992
9447
5473
4828
9982
6755
1726
964
5729
6117
4989
3972
4162
8630
2493
9737
6229
1704
6556
3964
3773
4742
2119
7656
5034
9453
9484
2733
558
7901
1603
4788
590
4779
541
4617
3870
113
7454
2981
9991
2127
7512
1991
393
7057
180
9940
7405
3911
5210
2242
2240
4675
6716
9032
432
9315
960
7381
7408
5644
9881
346
5066
3495
7054
9525
3504
2278
7875
892
4003
6709
2812
4846
6571
2129
5169
9070
9963
5419
3693
6223
2532
2129
6
2942
9570
1113
8190
9924
7875
4149
9051
7156
9301
2727
2536
5811
5055
520
1047
7535
7317
7111
8003
1205
3519
6996
8849
3556
6088
6549
8976
9785
7305
255
1994
5729
7606
7455
4141
3474
4362
5366
6434
4969
9983
8732
8952
5159
2554
6777
1768
1902
5706
2691
8616
2858
5511
4774
5902
343
9529
6608
2719
9579
9426
490
6952
4332
8117
37
5065
2778
870
3935
3531
5059
662
1336
4367
433
6210
6981
3680
9470
4238
7433
5821
9165
3742
8702
7661
3891
1416
2102
5833
4453
2989
7763
1917
5919
6356
2468
2358
4751
4729
2755
6327
1298
2969
2588
5582
8273
9956
2028
3212
6817
4978
2723
9932
7788
416
3532
6879
9791
4858
9234
4910
8912
1044
1928
4737
9164
5527
7624
509
1039
1029
8846
2610
1614
3487
6209
9797
3910
7758
7857
9176
5848
7202
5930
573
3165
4312
4180
2433
8009
2626
1334
8376
40
6085
9638
6752
9030
9807
3206
7375
5209
6991
4012
4950
2207
5258
412
8843
9367
476
6162
763
3433
3999
851
8128
8387
997
8464
8481
4278
6832
1745
8493
4315
3687
1550
3775
7836
6597
5979
5910
7252
8021
4205
1158
3186
6905
8404
8500
8199
6253
7573
2833
127
2263
4581
6852
1685
575
8232
2401
1280
7608
8258
9516
626
3391
4419
6394
1915
5110
184
5345
8647
9489
332
9702
4986
4831
3381
1035
6869
3951
8794
5783
9876
4821
1456
3652
5822
9784
7273
1801
963
11
2724
8858
8385
1501
5890
3242
6373
1365
3629
9536
8797
8967
4128
7883
1734
3259
1949
3520
6140
8203
6881
6484
349
7430
5166
3514
3874
4637
9396
5095
1245
4350
3596
5048
3257
9509
7846
8606
6933
4123
1034
8728
522
7454
3603
3592
2344
7348
7980
7408
3851
6563
112
7555
7535
5588
4715
1182
3589
8637
6219
3615
6625
9215
7593
6045
2600
3368
6193
7811
1708
5750
850
4678
4057
8682
6055
5561
1420
2204
7479
8351
7496
5442
8873
8658
2832
9532
1799
397
940
9134
6164
7224
6218
665
6520
4068
7775
9620
8684
1164
5044
583
5765
3242
8596
7574
3230
7065
5565
969
2446
5394
8689
9562
6402
5910
8511
1472
2622
7119
8453
1662
7532
7985
562
8033
6350
2361
3839
3197
5861
5170
3219
5660
6687
4697
8294
1693
4853
8088
2719
3422
748
9612
9610
5550
8395
5954
9829
8159
9125
6292
3886
5690
7997
6344
1649
6069
9229
8510
6017
6769
6595
6
3477
1765
999
2033
618
6352
3305
5957
2486
9740
3448
2062
9337
6149
7057
3357
597
2360
6746
6902
2930
736
5475
3333
922
165
7494
1898
5483
4441
9147
6905
1172
4064
1961
4565
5392
3613
1173
9825
909
4624
5332
8468
1731
5175
3978
2181
2938
2700
8797
3438
315
1457
8339
7488
5823
949
2157
846
9423
4063
1755
1397
1373
7154
4881
4447
5955
5117
1876
7593
7538
4300
6981
908
6685
5345
5340
4431
4756
2578
707
2647
3293
2962
2094
6527
1892
1401
5582
3651
9068
7924
6448
9963
3534
3779
9268
890
3760
2391
5337
2082
7105
3667
1033
2519
175
9309
1389
4502
5500
7018
2970
8725
5736
4264
6353
7784
8528
9024
7487
6836
6995
386
1023
611
8210
876
3437
5379
4285
5676
3302
7109
3002
7540
4473
1782
1651
1627
1517
6313
6821
9573
9664
5464
4636
6408
7785
2532
7437
9314
2579
8323
7398
2321
6314
8029
5690
6331
6869
385
8395
4711
1702
1472
6398
1794
7383
1124
6771
2133
3502
6844
4010
8440
7745
8352
2261
6511
4912
5263
6984
6253
5737
4117
2977
8463
8505
9938
6611
6741
825
6807
9425
2289
1168
3867
9779
7562
932
2585
1149
9002
3876
6991
9325
4786
6229
8121
6091
7936
6573
898
2446
9008
5708
9583
3815
9759
3220
4794
1144
4355
991
3461
1637
6456
6188
5109
1729
4697
4062
5498
7035
1098
805
8499
2242
5592
6131
2535
2071
5066
709
8055
8278
5642
4388
9870
8710
6376
4866
3119
2439
7537
9970
7841
5597
5759
8569
2986
1213
2300
7474
5658
8248
5306
1249
4761
2377
1152
6241
5461
15
7828
6599
6149
9680
3772
2583
2781
8130
6002
9799
8010
8773
3158
2801
6355
7646
9276
9898
1397
6492
2397
3597
6207
1604
5269
9020
22
2787
1803
7624
7349
5563
5785
5472
8663
9743
4724
2375
2021
8636
3345
1647
9543
6243
3396
5042
5635
558
4751
4328
6648
1221
3163
3590
511
1936
7659
1112
6309
1223
6260
1552
8126
4280
568
5019
7050
6246
9339
1657
1347
7544
2499
4036
4939
1366
6452
9992
7412
4677
9665
8978
2664
5505
3690
7751
7438
9489
6157
7981
3380
3035
8855
1707
31
674
6020
9688
7000
6884
3108
7563
2292
1443
1191
4926
9368
6782
6711
5635
3493
723
4872
7965
2614
3840
6283
2319
9267
1504
6209
196
3887
4836
2622
165
7208
9084
3833
2372
7022
8346
2793
2346
4756
9636
739
9102
6494
8004
5790
256
3086
3353
2919
6420
7287
3107
4172
825
6793
3051
7528
7914
8217
7139
5615
4867
9670
4475
9307
1762
8823
1802
5001
6143
5664
4920
9616
9123
4521
5049
4975
924
342
7452
5001
4832
6169
7088
5026
904
4137
6875
9324
4572
2119
4789
6054
9781
9183
9995
8915
4940
4419
2901
7468
3231
1869
1384
49
6813
412
212
1659
2178
8345
7799
2110
6166
7514
6694
5509
2433
909
6145
9554
1314
6692
303
4045
4920
8575
8023
8979
9163
8854
5506
4212
9032
5194
3938
5823
2592
875
8669
4919
281
6857
9892
3366
1731
898
1621
307
2393
1197
159
3052
8714
7435
8512
1348
419
5719
700
4136
367
2352
7332
7875
6044
3122
5456
3163
1498
2223
6178
1966
1958
1280
5887
9677
4168
1090
5569
5581
9662
8715
4680
4576
516
1946
331
8927
1575
9998
9633
5149
232
6834
8292
4977
1094
3759
4547
2377
7111
7736
3733
182
1966
5330
8035
9614
5238
4650
2973
5910
5157
2250
2906
9042
4741
7111
5895
5516
7870
1172
5913
7738
8375
1466
5083
9707
7716
1785
5228
164
3028
4528
8171
2092
3824
5288
6057
9159
1890
1923
9300
1915
4643
976
9116
8847
2918
9802
7700
8827
7870
2504
5218
1991
6471
9495
185
6614
759
6424
3558
9665
5915
7659
9069
5680
9857
4084
8971
6083
8144
5747
2448
1962
6818
6411
9243
1389
2870
4660
692
2130
7230
4904
9477
5967
955
106
8654
8004
2901
5317
6418
139
1509
4828
4724
2694
3780
10
9698
1982
8874
8502
1540
4329
6111
8871
8223
1910
7753
3725
4331
925
8133
6880
1409
3535
1362
3963
564
1457
1126
1171
629
5345
2819
6180
7825
4813
5394
7777
9312
4653
2925
5441
8610
3549
8886
2448
2796
3375
8293
4023
5525
9443
5061
5683
64
4955
9288
9792
6643
4453
2590
8130
7492
4378
9382
4561
5058
8741
1239
8212
9083
3507
6963
8500
130
9774
698
1142
6820
7033
3700
6499
9236
2479
7773
9751
8863
4255
9625
6791
6151
4972
7716
6852
2902
5108
4202
5779
4636
6804
4187
1576
7639
2044
1103
489
254
7290
590
7029
135
3502
5890
8556
5919
5644
1003
8925
6302
4602
3530
2622
3945
1096
2665
6167
2080
9511
4239
4653
5009
9878
4035
1319
2096
7452
737
8319
7328
4264
8920
6390
2960
5672
5480
501
4710
9419
2743
7322
8247
3780
6749
2503
3610
2295
1732
2309
599
1809
986
572
916
195
2838
8409
2087
3877
8981
6328
8176
7756
8304
4270
7903
6747
124
7436
3468
9138
1092
1360
6203
2321
1790
858
7850
6711
4859
8438
1666
7972
2570
6167
8455
6520
2375
6373
5668
6478
4623
86
9743
2007
3746
8188
8953
6861
1843
5259
9281
85
8697
3679
3036
3822
3803
4069
3532
5282
683
7232
1190
78
8579
3269
1800
2778
5293
1347
4511
5890
1005
24
9927
7980
3382
3887
7765
1613
3693
2083
5216
2166
3993
3053
4113
4098
9836
5692
572
9137
9857
5823
7797
7580
8057
8078
1213
5574
3721
205
6407
7901
8480
9110
3452
3140
9687
3036
6693
4488
4090
2047
813
7353
4826
9127
8642
2993
1655
3017
2934
4603
9144
2787
3306
9002
4779
5056
250
808
5408
8770
4689
2775
9046
6111
9435
9006
546
6488
908
8501
4777
386
2231
494
5998
140
710
8218
8490
6493
6350
114
9488
9827
4025
1628
6528
171
1212
7654
1730
7449
3172
220
9441
2105
7426
2776
6093
6833
5428
1148
6221
4494
2886
6181
6227
396
4327
416
9666
2821
8877
6700
1817
8131
2966
9230
8511
6652
9904
1698
8807
5530
8427
7258
5507
2995
9871
8286
8846
2275
8123
1157
9183
4483
4846
507
6008
2243
1419
7652
1653
8970
816
7758
8808
3251
5698
8594
3662
2048
5941
1189
9897
7410
4027
9010
672
979
3704
318
1623
3163
5204
4221
8972
9432
5021
8850
1290
4925
6981
1937
2109
7525
1991
7811
8368
1603
8623
4784
8441
7127
9798
192
1063
7172
4871
9996
2009
2945
5288
5148
5127
2835
4673
4202
7303
6039
9523
1754
2256
2344
6016
458
4748
6117
278
2629
7097
6811
258
7451
6437
6773
4873
2226
6413
4843
5055
8748
4749
3307
4989
748
6111
7828
2596
2869
6742
6036
2010
1883
3128
9600
4600
4847
1821
3333
4384
239
2015
5283
8716
6423
7277
1386
9043
4882
8445
1158
148
5642
2384
6417
2810
2454
3836
3349
4271
6511
6431
1268
4396
462
8552
8089
6812
9211
2329
7614
9555
6875
1667
7081
5171
5563
8219
2487
7997
6629
7714
4169
386
8139
4969
4303
6339
1967
5608
4249
4098
1718
9361
3554
5216
9908
5961
4305
7848
4498
5858
4125
757
9210
4208
1493
9943
4922
6948
6499
621
7203
1503
2180
6564
8705
2490
3045
4776
1550
8833
6488
8430
6548
3074
8544
5037
8858
1528
4795
2429
1549
6212
406
6029
5200
1493
546
9278
1920
3898
3630
4958
9957
47
6647
7988
3035
5334
7730
4966
2874
9108
8093
4730
7324
2899
5384
3461
8586
1700
6589
1764
8886
8230
1400
3372
6621
9435
3853
7475
7240
695
2586
8052
2940
6965
3371
8912
8001
9844
8565
9529
7827
3153
1146
4233
5524
3425
6820
3286
324
712
176
9603
8996
811
7819
7040
972
2819
3087
9928
6251
3276
4448
1188
5602
1552
7893
6409
9408
3882
859
2826
2722
4834
4938
853
8495
2533
700
3085
7483
5088
5028
587
5231
7965
8609
9492
2861
2272
4420
7733
7606
6128
8600
8782
3988
3643
6177
368
6001
7324
6343
1774
823
7703
2411
3886
9303
6358
5570
8491
3334
5458
9782
3475
4177
4481
7658
2932
7897
514
1530
1976
9056
6889
828
2821
1972
3797
574
4861
901
6856
5306
3880
8565
4230
4211
8540
3511
7973
3233
3292
5485
9302
890
4005
3260
4627
7108
8190
9509
5856
9916
8182
6925
7997
7590
3934
4037
2790
8329
40
6493
8891
4555
1453
3949
3776
3936
6716
7176
6115
3410
9652
9449
2181
423
6737
4616
1502
8387
370
463
1575
8870
9421
3306
2208
7388
1522
8189
4651
9665
8616
9732
5541
8281
1072
6733
5719
3206
3791
262
8602
9152
7103
7452
5574
1535
1219
4895
1347
6677
60
898
376
313
4779
6413
1281
3290
9786
3609
1035
334
5398
3033
5658
4760
4548
2101
1947
8363
8998
6462
9618
23
1293
6257
692
6656
6945
5930
7984
2204
231
4887
9877
4244
502
8650
1070
2254
2877
9231
7550
7439
9177
5589
6728
2118
8963
1337
2282
6498
3984
4231
9687
127
6860
820
6737
7043
922
2663
7055
4662
1587
5919
2335
5333
2716
778
4902
2586
3985
5021
9270
6565
5169
1166
7943
3811
6084
5799
6352
6055
8561
132
2597
6847
2602
1165
9394
1752
7516
4199
3893
8200
9927
6923
2352
7853
1444
8813
7201
8833
9009
470
4383
7528
2917
394
5430
2763
7041
6635
8495
5416
1402
3259
6835
806
9530
1875
1128
3735
3017
8961
1727
6798
626
7041
3863
9291
817
6671
5154
7788
1625
5797
8815
6090
6533
2941
1095
7952
7031
2275
4385
706
2793
2038
1990
575
605
3117
656
4226
6238
6171
2056
2226
3862
9178
9026
6126
9898
1418
477
6376
2955
7694
1452
8110
967
3305
6271
2204
4793
907
5857
8831
5968
2348
2249
9532
6598
5503
3519
5340
9435
2194
3668
2779
4738
9965
9817
5780
760
2187
2634
6101
7088
3711
1521
2037
2129
6339
1283
5006
6028
16
5861
3367
680
7746
2248
6974
346
6436
1903
5347
2258
6595
9501
9939
3574
3037
4694
3237
4989
988
7161
8349
873
1141
1931
5599
1989
3493
1498
8867
4573
130
895
1628
6703
1950
6898
8907
523
6721
899
6494
2701
6194
9670
5894
2531
5897
2446
9809
8963
1193
4120
2198
4060
4872
7642
245
3085
8902
5468
3362
9069
6325
6307
3622
6287
2829
7645
7865
4419
147
91
3071
9778
5662
1854
6523
5869
3360
5582
3663
5972
565
8386
1114
10000
1217
6537
282
9858
1933
2073
7111
6269
5879
782
5989
6984
8489
8244
4238
7135
2779
8125
3530
744
2068
9975
4469
7330
5369
7137
5737
6020
1701
1208
8957
8781
463
6054
171
767
5762
7547
4706
2417
8440
9788
4439
4857
7961
160
8187
4430
3198
1190
2692
4041
9078
514
8721
4686
7465
5198
7957
4916
260
8316
6935
4740
1525
233
5818
5184
2772
413
8756
2702
1817
5655
6314
1756
4135
7516
5923
3864
789
6380
3718
1046
3756
6046
4316
2179
8596
8771
8469
1698
7691
6896
8842
6522
8836
5713
1025
1534
575
3662
1711
8715
915
3081
5182
4547
5854
733
6675
575
6304
6125
3309
8304
303
4369
1792
1539
1848
6899
6209
9297
8911
1821
4239
1729
9394
8863
9190
4463
9428
7811
8897
9109
4031
4658
4329
7777
8350
8528
4269
538
7044
4765
1637
254
3226
530
1357
2980
2082
9468
7509
1242
3474
4200
7440
6803
8024
3615
2082
3152
4096
885
7223
3906
2380
8853
1915
7990
8275
8224
3411
8658
1356
1036
8307
1897
3298
4574
8868
1379
4238
6226
5441
5192
1594
1235
3616
621
8043
5834
60
303
6838
7053
919
6158
4279
9587
8104
5370
416
3179
1154
6668
5357
9204
626
4102
7043
6612
3047
962
1859
1272
2847
1310
7490
1922
3543
1709
337
9424
1383
7164
7359
3162
5961
7979
4514
5792
1615
4993
2658
2917
7598
1238
1802
1094
7203
7937
5903
8312
160
4975
3668
8369
2260
6518
2298
3830
1461
2354
3333
9900
9128
7120
5731
3146
7253
4949
767
1266
2635
2539
4720
3631
265
2874
7669
3057
7172
5915
8880
8753
7472
79
8162
7351
3780
2562
1981
4682
8328
9801
5950
5881
5652
9471
7754
2127
6329
4920
8182
420
368
8790
9788
9396
4345
9326
9661
6076
4795
3133
6554
2397
3269
2782
7893
2750
8470
8746
2631
5712
3553
6751
5463
7840
8344
7878
7745
8493
1391
5055
3922
2361
855
1014
1633
2055
4381
6195
387
3815
4618
5980
6238
3479
9890
4305
5660
2979
7501
8028
2390
8433
7789
1232
8017
1634
4922
3176
1283
8148
2398
3021
410
4386
2985
2467
923
1368
8270
1863
4111
5448
1342
8824
7320
6098
9432
9795
7121
9530
6829
3530
9794
8538
3534
9649
1507
5169
3382
1561
1919
3449
1756
3562
6826
1283
8732
1943
9693
8184
1994
9183
8238
5652
4732
7573
2402
7130
3802
6141
2145
3733
9249
4735
9247
5377
8156
8923
4443
1552
6262
1329
3607
3408
7892
3108
45
1387
1908
8540
9303
2921
287
5216
5750
9239
3254
5804
3135
4985
2163
4843
2805
3445
2762
5965
987
5271
3375
482
8840
631
7437
501
9958
509
2527
4112
7719
5750
3672
3926
4014
9465
7742
8837
7631
6272
824
7377
6322
3121
4787
4590
5085
1838
508
1744
1240
2121
9456
7615
2306
5331
5889
3342
2934
7591
289
8581
1188
4311
9561
4009
891
7046
6502
5689
7292
5239
4110
9809
6539
4718
7048
4192
6498
1993
1644
7283
7540
5212
724
8105
1212
9331
2447
5948
2684
1352
3158
4121
5745
763
7948
1651
1681
2094
4563
3831
406
5314
5502
6660
1613
8352
6590
3142
6522
4653
1309
1761
6728
3265
4281
1709
360
8964
9190
996
8939
933
2311
4926
4378
5929
6354
9773
1169
8815
4792
8488
5484
5596
9956
639
5732
8422
5112
9078
5024
7264
3210
9526
149
2414
4695
2978
1534
3922
9186
2269
667
8078
5774
5012
6146
9051
6526
8142
4222
7755
8173
723
1992
6049
9063
6765
8950
9556
3552
5134
1903
8061
6506
766
5987
1087
1895
8766
9485
2222
6665
9025
4161
9105
2382
6685
8253
6777
4687
7171
8128
3891
4391
8157
6494
720
1348
1179
7689
6092
9318
1456
135
139
4579
867
4288
1997
4048
8853
1041
7884
951
32
8936
2386
211
2134
8264
402
912
3396
8810
606
9671
6180
6492
1234
4953
4740
3890
3488
9728
3985
8712
5075
5966
1725
2661
359
3955
1517
1068
4892
5273
4254
3807
5647
6927
2025
8604
8091
1104
6701
1827
597
5167
8057
541
7224
5878
6185
9235
6035
6499
8514
7929
5588
3721
7051
4015
1937
7071
1819
3895
618
8452
8757
7018
4424
9746
9626
1031
5542
97
1234
2363
4407
2127
6755
8824
3807
1074
6752
5991
4257
3511
6615
7309
8765
4987
3553
766
6242
6662
3093
3544
3242
6707
221
9667
1861
8160
7947
7737
3933
8864
2094
6136
7419
7661
5707
9992
4884
3370
7792
8947
3367
1463
7209
3094
2681
9134
9156
4516
7390
3502
9448
9216
2395
7312
9531
3942
2014
6018
1733
577
1801
4671
8635
980
4759
3529
1900
5443
2127
7574
3038
3786
7319
7568
6236
7740
4029
2662
4112
6717
507
6930
9648
2986
7164
975
2239
5510
2131
9788
2301
9260
46
7773
9169
8372
1952
9962
6039
8911
4145
1856
2007
9041
6922
2100
5789
8282
9177
6411
1154
9923
4499
5206
3144
3509
9261
375
1686
4932
3192
7230
8521
5449
7756
3614
8038
9147
4628
672
1959
5484
4486
2810
974
8257
8217
5539
5917
3663
6627
2895
4240
8749
2589
367
30
1282
3128
669
1264
9720
6689
4806
3213
2382
479
2330
7929
7213
1490
1443
5241
6327
8096
5331
8686
4326
2996
1718
2554
6219
2886
79
5869
3236
6202
508
2622
9247
9551
5952
5603
9235
4634
7299
8623
8025
3899
5724
2520
942
9866
9288
2140
3846
4470
5104
6905
6661
6468
7004
501
2565
1020
3771
5387
2803
8014
1218
8880
6115
8134
2802
3213
8808
5673
3431
9032
7727
146
8026
4113
2147
6229
7795
5578
5755
8329
7126
1099
3674
1056
7038
6662
5494
9793
3122
411
2845
7397
1998
7093
6697
3752
9979
2357
2310
4337
3428
4853
7277
8799
8523
8936
9298
9900
1802
2088
6290
1627
2942
1137
9698
1281
7274
9839
5426
9603
7900
4755
1773
4600
5260
5057
6320
3573
5723
5568
7082
8833
8696
3026
8096
6686
2958
5498
3707
4840
3720
1830
7006
7699
6595
4104
8351
7736
9967
5235
5208
2443
1942
1952
1515
1844
3815
2228
7477
4532
3569
878
8857
6122
962
3250
8873
8278
7114
2104
1669
6950
2292
6288
9603
425
3586
6117
748
6286
3666
7264
6634
9173
7814
5962
7552
1776
329
2856
2624
7864
2408
4550
5018
2819
2611
895
8628
9696
9697
1356
6330
5414
2392
4317
7502
4657
7561
2094
6564
9400
5782
401
7470
5077
5668
2758
3520
436
4347
2566
7602
6517
5017
9082
1723
2588
9012
5611
2096
6754
6806
1571
9001
3089
1875
4888
8075
7930
3463
7288
5338
7810
4587
4301
6742
864
6032
6774
9529
7226
1175
1141
8907
6134
1138
8079
5856
5697
6506
9764
1250
7120
4569
4263
5641
2920
6340
4236
2591
5565
4551
3154
9409
3432
8743
9159
9834
3436
27
3411
9250
7424
35
7748
642
753
3171
9122
49
3636
5262
4916
8204
8912
742
5016
5649
4175
2265
6355
9786
6310
9297
8241
836
6842
2301
6249
6685
6868
5492
399
9590
8874
4748
1237
8845
9693
8480
819
4771
2895
3721
5371
2264
4939
6427
9870
8118
3667
5193
2910
8682
1763
3697
6849
6469
675
135
5316
3177
8005
7908
7700
9326
4482
527
1172
3892
1685
194
9131
8307
8307
9156
8802
1996
16
3122
4157
4465
1441
2681
8880
1593
6556
5987
1679
6233
7012
7717
6919
3582
4568
7089
5325
742
9189
9222
8069
2668
4931
2091
5009
8523
200
3786
5394
6301
8800
6069
7286
7123
4565
8918
9428
9388
1234
2455
3297
6867
5171
5093
1266
8701
6467
7821
7937
6299
939
8495
7594
8125
8284
2964
8805
3260
5915
5595
4321
4438
5379
6558
1493
962
897
4892
1530
3831
8246
8299
6222
2754
2653
8788
4416
1353
4032
7990
3446
4454
8899
315
2358
3888
784
4019
3601
2474
8074
7355
4880
4993
7791
934
9447
522
5162
8360
8150
8703
7349
2939
5916
6252
3613
9532
6581
9174
9610
2321
9160
4466
696
4721
5807
735
141
7403
2164
3671
6869
7757
665
9657
358
4551
1750
9055
8218
4007
943
4203
2885
4148
430
8599
5387
8105
904
55
9875
5059
3602
3712
5161
3172
7856
6998
8028
5290
1528
7097
8889
4814
5075
1855
7958
8576
115
168
6933
5903
4252
8864
3412
4848
7539
6162
4440
2225
9094
2670
8394
8403
8725
8047
6735
224
5576
2895
4573
3297
3689
3970
9284
6951
4226
9128
8767
2474
7370
9662
8216
5875
6749
2665
8093
833
3417
9389
791
3571
5260
1007
1516
2830
4736
1060
6557
9061
4426
6188
5801
2715
206
5245
1294
2709
3281
240
1132
3128
4639
6912
7032
6109
2834
7989
547
5939
1116
9608
6385
6918
304
1204
829
9862
5277
7458
8882
6557
2124
5923
933
1795
9567
4939
2772
6270
5803
2494
9828
694
336
6507
3464
7734
4255
9674
9950
1471
7660
19
5556
9200
4769
8442
8187
7131
3933
1931
266
6613
4253
4660
4586
1403
6485
4563
5152
503
7466
4445
4559
6610
245
3172
745
3682
5362
7010
5859
1284
6887
7824
1136
6298
2672
4927
6388
4567
6997
7460
997
2355
2475
1995
4437
7008
4833
8093
8661
8365
7791
3680
7982
9371
2475
6174
5961
4317
5
8586
4791
5175
7160
454
5585
6866
6047
8120
7365
9862
3133
3208
878
6934
6870
8946
9892
3304
8852
1124
2254
6071
1132
6459
5067
170
3037
3085
1114
140
9112
3932
4421
1781
1691
7966
9660
6407
6243
2047
8406
3901
7620
1504
5814
1209
3010
5311
1193
8935
298
9311
379
3790
8147
1942
4688
8114
966
8310
8511
8014
9132
543
4044
4798
1328
6803
1607
4557
5475
9174
5335
7940