1869
4006
2636
344
4896
9702
8373
5840
812
8061
8409
5813
8229
6058
9224
929
9926
7063
3254
6117
6537
6340
219
1758
5904
1781
7949
1982
1658
4023
4011
966
606
345
5272
6012
1130
4664
1504
7793
616
9847
5800
1073
466
1146
9006
3488
6970
2587
846
4494
2535
5949
6826
216
9610
9911
4212
8293
9909
9708
8611
8389
2846
3669
724
7688
8851
6966
3514
8000
4867
6232
1134
5388
225
7562
8243
2076
7531
14
7102
7476
1208
6423
7382
3206
3419
1390
9973
5897
1668
1543
3035
3652
9742
3235
3351
3054
7892
5801
9448
9840
3504
5177
9771
5663
7209
5170
1954
5505
4531
7994
3731
1174
5324
1444
7644
8293
2881
4599
1480
7166
125
6427
1031
5243
7337
1889
1934
2954
479
4497
6962
4896
4567
4025
1444
2987
61
7193
4912
9293
4594
6057
2003
533
2053
6960
6736
9681
6895
9349
5163
4648
4448
9290
4897
9712
5469
9938
9478
3178
1359
4215
9064
2792
4845
133
8408
7753
7362
8643
320
798
4476
5821
1250
7683
7039
7677
2089
4212
8829
8434
4545
3836
7702
8120
8703
8878
3590
247
5635
2982
4460
8346
917
1327
6783
5978
9342
6411
1369
989
7157
1063
9688
7911
5693
491
9194
2646
1157
2551
5984
3023
668
1410
8935
1003
1176
1335
1743
8873
4379
4809
4434
3154
4958
788
7577
45
3243
8941
6270
1934
387
1547
8734
6103
3887
9095
9596
5202
9185
2305
1594
5705
6728
2898
9456
9002
8795
329
606
5124
1499
3123
5983
5332
373
5975
5920
6907
8895
5832
5683
1222
377
9758
8183
1597
1552
7392
2456
2003
4929
8834
9359
5433
7455
2520
8400
1075
1073
629
2065
3281
7151
2519
694
7202
5065
8157
7359
7200
2936
4650
8720
3136
5654
6487
7660
4612
7090
665
4413
8517
7642
6897
954
2209
8165
4080
8570
1243
2998
6910
3360
3977
4364
6099
7988
1284
8938
5128
7052
4029
5417
6196
2367
7728
8071
8337
695
3146
8877
1358
6683
2694
1733
4200
1364
9134
3761
9493
1747
8572
3803
4599
2618
7555
3379
2440
1219
2640
8409
4217
6101
2875
1455
6373
4164
6762
3893
7320
5682
1113
8817
5326
2711
489
2729
7694
2096
2881
6108
7280
5438
3627
2400
4747
8871
6035
7958
9697
3632
7761
5852
9992
3784
2734
2562
2223
5754
9545
7282
1387
2043
293
1042
5390
9798
2259
620
7984
9746
388
8563
6821
8694
2390
8293
2064
1309
5122
6454
4165
5457
564
202
7807
1018
1210
6716
5064
2298
6266
235
4141
9867
2142
6921
606
5966
5399
5175
2218
5902
2430
3250
1342
5088
8800
1883
5493
5082
1640
3620
9067
601
2368
1843
9776
253
9118
4877
1222
8654
3065
6633
5909
3616
8428
1382
2055
3163
2825
8952
976
9570
5185
8126
1749
1983
3730
3720
2336
6242
5889
392
655
4564
4904
6290
6698
1146
7123
6488
992
6009
6281
366
489
8938
5786
291
7967
1239
8085
1331
3028
4833
512
3861
7164
532
4598
702
9128
5020
2883
7119
2436
383
3932
8472
3647
3624
5145
7598
5965
4860
383
3418
1263
3445
9582
7660
3490
5237
4512
9950
9072
723
815
76
6477
7035
880
1140
1017
3896
4890
2564
5440
5802
6
4824
4978
5065
525
4454
4772
2214
3224
9645
482
9980
6590
986
2342
5519
8113
7319
9953
8943
3302
8017
303
1017
2301
3422
4562
4567
3375
8728
3301
7696
7573
2208
5888
7883
4660
50
160
1497
1024
9202
3845
2813
968
7513
4990
4954
1583
2803
2951
3764
9370
5998
6304
1607
1366
8614
577
5388
9813
1632
5511
886
4152
2733
3599
3216
2434
5040
5257
9781
3845
9936
9371
5480
6325
9178
5871
9106
509
9786
6493
5153
1991
419
5643
5615
9513
5596
7532
9058
3474
7807
3968
3986
8994
2522
7631
7066
9541
2014
1394
9490
9241
2581
6542
7337
1084
2064
3684
580
8232
7740
3355
755
2847
4870
5720
8110
2736
4016
2527
2622
2295
1998
320
1387
625
1632
9791
1020
7412
9289
9559
2355
1261
4787
7859
565
7716
5712
1729
1373
4220
9363
918
8035
7301
1323
1132
3680
9171
1282
4610
5820
5104
6471
7953
5501
7410
8699
4490
4040
1834
2649
9076
2221
9988
8055
4497
7308
5818
1701
3555
9232
5957
1128
5758
9733
4922
6959
3808
7138
4652
5246
1098
1241
6165
72
2629
3509
2793
8651
608
8482
5911
9957
6590
6691
791
7512
144
1968
7152
3305
5419
4809
8117
2648
3927
4327
5936
2139
2733
1313
288
2615
9828
2185
713
1526
5828
3934
8532
9478
4839
2020
982
2085
5592
6904
9025
5662
6973
4150
2091
2120
1331
6505
8409
7732
9541
1020
3411
9954
1072
3770
4626
2553
5407
4926
1920
5919
7013
3803
3967
5425
3440
340
3321
2191
2134
5362
5784
8212
4247
9792
1621
4585
6066
4319
9166
4028
9543
330
5909
5408
2907
4023
2627
7870
614
4099
5311
8573
7163
2037
8689
9023
9639
2565
3073
7466
7417
601
2395
7816
5706
8335
4423
7572
5848
582
9924
8009
1733
8539
5434
6369
3443
4967
612
6603
1546
3648
2300
8602
8999
725
7611
4815
4045
9107
6715
9487
9375
5283
7592
3800
9306
9114
3353
4218
7088
5946
884
6124
124
1473
4095
4596
8979
5707
2903
2241
9566
6726
6529
7301
2340
9338
6750
8882
775
7169
6545
4694
7800
210
7205
3826
8696
9055
9522
3901
3550
4085
3188
2223
2564
1419
7435
939
7469
3382
8108
1603
7476
3117
7132
302
8997
6558
8988
4430
6555
3561
1311
3813
8142
7599
2207
5293
700
9245
7596
8181
6310
8253
2615
2775
170
4301
6345
8632
7659
1326
686
17
4579
7948
6882
7550
8183
2135
8852
7677
8706
1642
9503
1253
2793
7560
8490
6058
2221
3979
2119
9081
9220
9648
1947
5203
2874
7924
1160
2062
6051
6198
3560
7460
296
4378
3817
5066
2971
6266
4721
8635
4916
5748
6139
2344
6525
8946
8018
2444
519
2322
2358
7148
5890
6198
8290
2604
3456
5211
1658
6932
4044
6299
5528
7399
9635
3224
5074
9170
955
4110
4527
5445
9375
1298
6889
7358
5287
6842
9470
6045
1601
448
4621
6177
9110
9637
1157
5662
8689
6880
1309
2406
6425
5052
3092
4585
1745
5539
8216
9430
334
9704
6966
7681
9396
7538
3796
7182
9804
94
6968
422
6045
9433
9378
4273
9208
1633
6316
6139
2558
2245
4412
8962
9443
5555
2305
4712
9383
4388
2724
5734
1921
4236
2855
5645
4814
4450
1893
6152
9844
2260
2461
9141
4
3612
2008
402
4297
2070
2820
872
4849
8136
759
5465
5444
9280
2897
2159
3284
152
7907
8201
872
5968
9778
51
1499
6600
7947
8560
2662
8438
1688
6239
4128
1589
2375
4978
3227
4657
5444
1088
2700
6971
7314
8558
8159
7899
2278
6124
6048
9175
5233
3168
2451
5765
9642
8679
466
4717
9451
1894
6177
6607
2813
8169
6063
8883
5242
584
3336
4988
2624
3880
9775
3750
3407
2386
1118
4342
2211
8782
4477
1655
8219
4707
3538
4071
7598
102
1404
8575
9951
408
3037
3150
8227
4566
4653
3598
3329
1412
6443
7401
979
1398
5259
541
8506
3264
4427
2354
288
1959
7662
6055
7387
9403
1833
3274
5666
9823
996
4267
6701
3813
2923
8830
8460
8396
4794
8514
6292
6683
495
6849
6951
5952
8403
1630
4318
957
7867
5574
9481
6770
8022
2668
7941
4068
7634
8476
5898
1181
1297
3280
2611
3533
5272
2767
997
3930
2713
1687
4546
7518
9656
1190
5834
706
8452
9585
5153
3365
7874
1683
5077
6179
426
7868
6586
4986
4455
8588
1597
4140
9718
8592
1254
6101
2152
8051
4131
1889
3945
2468
2644
8696
7798
4125
9089
5262
1128
3749
9656
761
5875
9080
9123
2125
5452
7993
2265
4259
5737
7875
3621
5530
4406
9619
9197
1720
4441
1170
7721
4055
758
8315
1566
489
1651
3166
4523
6475
2020
2137
9073
5982
4689
2099
1255
9271
7994
3715
6631
2856
7316
799
6463
5029
4363
3660
7065
9163
8640
4001
3789
7273
8913
3649
8195
3004
9624
7785
7334
9527
3205
2321
4480
4862
4635
2376
7766
1992
519
2063
1179
9484
3627
3915
9762
9480
4906
3744
1153
6259
679
1897
5050
1246
6098
5949
2063
5583
4233
1252
3663
5919
6734
6068
7795
9162
9573
7083
3433
9427
1654
9956
3340
108
3877
9158
9474
9962
7052
8755
4733
6016
1445
720
8433
743
6891
5215
3361
7075
4474
3633
3535
3240
2445
6130
8587
882
3772
7068
8849
481
9919
7906
2257
628
4927
6718
7900
7228
6024
5513
1512
8221
9204
5437
457
3639
463
4732
1942
5551
1322
1809
6354
3139
7886
5697
6416
206
2336
2832
6478
5363
269
4759
7064
9309
3733
5540
9185
2056
2704
417
7296
580
8687
9676
2224
9068
4450
9010
2428
2250
6375
527
540
170
1643
1835
9476
4598
3645
1126
5274
5471
9269
3035
5375
9418
7351
4381
1756
593
694
3106
8555
2232
9963
5809
9507
2063
7418
7010
228
8812
3902
9388
7468
3063
6297
3975
3349
3664
5055
8416
2701
9833
7051
8410
7680
1135
8346
7984
1522
1727
158
6720
5567
2970
9998
3266
9836
9360
3097
9053
8865
4286
5359
9184
2758
6392
4599
3252
2897
7880
1385
7248
4779
5735
8052
2665
5606
8157
2767
4213
7204
6674
529
5976
9145
4337
4285
6659
3137
5540
8681
8092
9380
8445
7736
7428
8941
4507
8046
6496
9598
2235
7141
4122
4225
5265
6104
7489
7433
8598
7240
6996
7848
6681
1020
2611
3623
6163
231
8078
8561
4399
9999
3104
2050
2834
5424
7499
1585
7423
1965
8833
2166
9165
6748
1329
8676
2820
374
2265
844
9129
2274
1709
1336
4975
6840
2707
9682
774
9705
4447
5544
783
19
3096
3226
1796
6721
2841
4482
5133
1735
1584
7912
4121
9952
4914
1957
5509
1341
6862
4923
8959
1585
2457
4790
1397
1412
4833
8463
9940
8306
9953
6746
4855
9191
4556
5317
2568
64
9264
5401
4800
4562
7938
7647
9295
9249
8624
4063
3720
5465
1933
4264
1138
4324
9115
1789
6420
6069
7187
4978
7897
4656
8342
5182
5499
1824
4205
8356
1594
9817
7974
8705
3373
3817
5700
3045
6438
1790
2610
7767
148
6900
5368
5095
9860
2560
9197
7422
6133
9633
2071
6712
6430
3732
4828
357
6696
2185
6887
1644
6618
9617
4844
5413
9489
1804
9003
8206
4197
3560
9568
181
6229
4469
4495
9430
4486
9169
6219
5159
4285
1816
3878
7939
6263
1381
222
4432
4843
8497
7249
7123
5983
4255
6757
7331
1885
6133
6683
209
521
8808
7394
2684
6918
3976
625
1318
480
4600
1233
8179
8431
7134
3888
7490
3762
8105
266
3408
7989
210
2404
1720
6613
7441
5697
9209
1768
8639
6121
8185
4019
5102
8300
9844
7217
6630
9434
3437
4093
3868
3293
8556
955
8875
2055
4062
8425
5481
9518
1293
7697
2393
7753
5258
3043
6793
9390
2489
4269
7903
380
6715
2872
3977
9929
2780
1517
3156
205
8447
3176
136
4720
6558
670
5930
4029
2526
7172
876
5541
5553
4588
4484
1788
4130
2745
3824
358
602
5730
4732
7819
7076
4007
6859
6216
9348
1423
9176
8201
8384
274
5719
194
20
1841
6127
8690
986
2852
6972
5263
1210
5114
4121
5652
1346
3743
2789
4223
6825
9698
1701
6783
5048
9320
9862
8240
3853
816
5237
4740
8878
9409
8598
6825
3860
2477
2558
8229
2391
4761
348
1443
833
6482
5661
9153
2491
3690
5131
3194
7459
4477
9760
5007
8061
1246
7419
1291
6378
6107
3768
4813
7204
6834
7356
9827
6231
8099
4333
7438
9763
4456
2182
8328
7217
1764
4546
2112
980
3708
6845
5917
5906
7818
3475
4153
4425
326
5358
6680
5963
8115
200
8515
4280
434
2135
944
7477
2209
4519
9488
4137
8217
664
5827
9635
4191
9969
7764
8324
8232
3645
2800
8884
531
2238
3489
1096
5143
2595
8840
5001
8476
4802
5645
6640
6981
874
1997
4574
1152
73
5871
3660
4002
3805
9590
1254
8503
4433
3124
2472
7080
7079
483
7701
3995
8873
523
4219
5124
898
9362
1339
3723
9524
5347
6852
3765
5239
6088
6070
6188
7931
5093
4621
1662
8333
2901
2228
7883
9572
2365
9733
6876
9361
3943
2114
9338
274
2797
3540
4198
4399
5147
7179
2615
2234
1649
8549
5819
7964
3545
9236
9576
7514
6754
6941
9950
5187
4597
1231
9841
532
352
4573
2838
5234
171
4191
713
400
6980
4425
4216
2164
2769
4348
9639
5464
6826
4264
9441
5041
3435
1316
128
2343
4206
2950
186
7601
214
7813
5761
511
9235
5899
9952
2565
2431
5659
4455
5406
6703
6685
3378
9984
6792
955
8503
3955
3791
4960
3432
7388
5359
8891
3400
7107
2705
1016
2480
8461
8464
8370
3369
281
4299
7894
8515
4436
4466
702
4474
7731
4474
9447
8960
9931
217
4755
1470
8782
4449
7233
193
4880
6197
4976
796
3119
1756
3241
4500
2708
9564
6201
6794
5959
4398
9817
6450
4169
8229
8118
6783
414
9970
6768
8693
3657
3229
9385
3691
4649
9260
1127
4330
9255
5471
9684
8936
6438
2292
4994
6412
9701
9341
1783
4262
8581
7524
637
3205
342
9106
6478
5877
5105
1803
4374
3331
3295
6977
5783
5499
2996
468
8097
7217
8175
6430
2313
4691
7526
6375
2449
1056
4594
4539
8033
7613
7453
186
1001
5699
5167
3911
8580
9779
2027
1010
8839
3587
8671
3008
6471
4521
3999
8784
6866
9331
5741
9361
9439
2448
9022
5273
261
4406
7284
8098
9550
7759
1707
9844
4936
5244
4244
2930
1830
3874
8441
3753
9690
7416
2859
2500
7498
1888
2073
3621
5427
2402
2272
4063
8383
810
5130
4657
3015
2260
769
2003
8813
6515
3505
1229
4273
1048
8350
9288
5893
4409
8430
8192
6382
878
1788
8752
2505
176
4319
5077
8225
7456
1273
9139
3728
8019
3830
5131
7333
3771
1900
3700
1649
5137
48
1180
3660
6025
9108
4132
4073
3830
2165
7387
2340
220
9928
998
5327
1330
6264
5261
6068
7561
2333
5769
3000
2424
2614
5833
7010
620
8053
4907
9692
8979
7590
9120
2173
4571
650
1747
4904
1144
1676
7718
5621
7212
5671
3839
7198
9977
4126
5309
104
8560
2328
7662
331
1111
6592
5911
3696
5229
8158
511
6031
7863
8089
5989
3056
2939
6491
818
3393
3389
7397
8094
2949
9495
9230
5014
3699
6794
1327
5460
5063
9745
6893
8694
3592
6779
1685
393
7341
2355
748
3843
7363
9038
916
2648
5035
6350
791
4154
6440
5817
5290
8825
593
8432
3436
3038
5743
9896
1371
9756
6548
8668
1045
6043
622
1614
9330
7532
3028
7708
4992
6939
9939
8409
8722
6700
7014
6981
5876
4759
7904
5892
6079
9966
588
8680
6348
7806
7807
2948
1104
6841
1201
8017
8484
2555
557
3789
4990
4266
7795
3217
1383
9978
2072
5927
6402
8296
3273
4422
116
2647
887
4733
2251
462
1534
5696
7658
3332
95
6137
4585
7260
9483
2116
5067
9018
9217
8747
1539
9507
7769
9249
3734
2311
5209
5183
6908
3603
4597
9514
8128
64
9870
8742
7570
6476
365
4837
2699
9628
248
7284
6600
5308
411
6644
4389
4338
8447
8549
9811
4600
6507
8295
9955
256
4661
8755
1445
1953
9394
6382
8064
8523
5006
624
4581
4950
3677
7062
8558
7246
4649
4072
5626
4637
8743
5144
2010
9736
5055
1933
942
3067
5969
6231
6377
107
9576
7109
6117
9196
7581
7548
6625
3441
1734
468
3876
3879
8176
4010
1821
7854
4893
3543
7101
5332
9602
2453
7207
439
5618
490
9569
2883
2857
3631
7377
6189
6934
4829
8645
5000
6977
2777
6680
1092
4578
6330
354
1727
182
8325
3479
9881
4561
7951
9026
6547
5877
919
4405
4050
3372
1252
8896
7300
9664
306
8654
3801
3856
9326
961
3393
9615
1595
1136
3919
3043
5772
1112
1926
6841
3075
6821
2357
1376
5258
9901
2976
166
8181
2005
8130
7359
3762
7409
1945
437
8641
7535
6840
8342
761
5184
7868
4998
4846
4750
4360
3553
8503
7999
4314
3957
945
5055
2305
3710
4234
2418
9694
2312
1111
9915
4987
6071
1077
9046
2674
8623
1952
1056
3478
8266
3393
8595
820
3993
1506
7187
5088
1966
2279
9118
8807
8310
497
8662
4462
5183
2612
1635
5738
1864
9404
6384
9211
6581
9852
2141
6721
1306
2672
8335
6392
2326
2022
8360
7041
8126
7072
8210
2214
9237
4941
776
2044
3874
6467
1208
544
9230
427
348
4698
2868
3883
107
1357
8689
8185
8008
439
5643
4443
3684
5810
3554
3870
6372
1791
1586
9645
8027
7884
7013
7512
3445
1942
1932
1565
9564
5617
8462
8641
7459
6009
4104
5700
135
876
3905
9950
3521
6197
3633
4181
2298
7637
6468
7110
4263
7955
8779
2367
6108
4804
8653
2666
5897
3070
9118
8177
5211
9530
939
9235
5602
557
8995
2205
5672
4397
2352
4396
9800
4381
5671
1261
7284
8967
8401
3470
4505
7401
3319
5964
3867
6749
5934
6581
417
2450
2957
3680
1201
3205
392
4545
2478
1282
686
3251
4511
4959
9448
1305
8411
6549
643
2758
9875
7164
6499
419
8635
861
3011
5908
2
3034
3570
5261
3110
1046
2193
3956
9608
9063
88
1785
8339
1014
2971
645
3624
646
2866
7897
3570
9762
8842
8887
4470
7222
5813
4834
4787
5946
6823
428
8054
7061
5552
5994
6340
1489
9400
1035
3414
8857
6586
630
816
4888
8113
7378
112
8769
5081
2874
4464
6793
4155
7876
169
2291
2744
2807
2158
2835
307
7353
6288
45
5754
3277
9151
4199
1414
3086
3421
3265
2745
1543
8137
4863
688
7662
7363
9520
7689
3143
8832
3203
4523
3213
8946
1422
9197
2869
7826
6735
4447
5471
2108
3460
1834
6212
2346
8507
5067
6126
3191
277
9990
3895
6168
6998
2575
9973
2891
1126
8392
3667
2441
3332
5715
2880
5924
3188
4318
4884
7538
2878
3923
2700
2102
864
2873
4382
9550
8793
1190
8846
9044
8951
7333
3290
7277
4643
1355
2607
8545
1877
7668
5122
8525
3434
5114
1763
132
5624
7274
7648
7671
5280
2840
461
4323
6791
2213
5676
2143
3733
3396
7078
2249
1924
7138
7546
5053
2194
9296
5813
8009
6983
2590
8661
3805
9100
935
8899
1247
5070
1183
7301
8789
4133
6099
6868
1198
8028
5496
4032
7564
349
9210
1672
3324
2673
1301
4001
3276
1824
3686
1747
6328
2061
6549
3521
643
9526
7811
3033
2507
3165
3035
699
8607
1806
2405
1751
1443
1054
9237
5120
1499
2094
3541
6969
9596
7251
5324
5079
3084
8168
6525
2118
7285
8453
2387
2022
2596
2251
9714
3458
1083
1837
7649
1603
9096
2899
7169
7537
653
6156
1885
6492
544
3482
9444
2842
3053
4416
1922
8939
8224
8497
4379
8622
8274
7772
2815
6482
252
1800
3755
4579
3388
8966
1452
7283
3917
5691
4135
6774
8508
4185
6641
1780
4491
734
6544
9281
2012
7401
1985
3044
4077
3871
565
1585
7187
7520
414
6376
1997
8369
4008
2203
3863
3616
9732
6059
5712
4480
2273
9415
3675
8579
7018
3390
7563
4359
526
1199
8910
3113
614
5914
1805
4235
4873
554
217
3747
8691
5444
9875
6338
8510
6313
9867
9252
3361
9687
8435
5592
629
5855
2913
9487
7878
8668
6005
9591
1184
7293
9616
6269
2818
9970
4942
3828
2897
6502
3976
4973
9066
7314
9313
6803
9530
9946
7273
1767
618
3898
4681
4989
4786
4533
6139
1204
9977
5138
9074
4673
2899
9965
8631
8169
8369
219
1311
4129
774
7427
2195
145
8834
2852
6916
6134
5508
7815
5064
7623
9852
2184
4500
3199
9179
669
9199
6448
3505
2408
3368
7912
2781
6716
4998
3239
6252
3995
6010
3238
3082
254
2359
5316
6848
9687
910
5838
9770
1154
7611
8245
5285
3196
6341
6185
3598
4050
2443
4038
284
9876
8937
3512
8728
9698
821
5906
6978
8523
9789
7084
8666
654
585
2935
5656
1779
6360
6825
7589
108
9734
6065
1364
1570
63
4858
6947
2209
4899
416
4309
1112
4275
1267
4699
710
7031
4847
5398
5511
368
9311
584
9513
1603
6392
1676
8396
29
8924
5955
4714
9320
7547
4831
5241
5681
8513
9703
6617
9279
1730
8949
2
6597
986
7170
5292
6638
9075
2021
7033
1607
975
6642
5977
6261
9103
8984
6298
7547
2352
3588
2139
7251
325
6729
5435
6795
3696
8387
9257
4042
8162
5218
6723
475
2610
4437
6046
9301
6535
7302
5378
2896
9060
1303
5602
5956
6240
2097
362
9899
9810
1619
7707
6690
7532
2362
9996
8161
9905
7502
2132
6446
7286
5796
2771
5655
18
4730
5647
4358
3751
7955
5329
9183
8194
6225
643
6419
2169
2692
8127
3307
8212
3580
1463
9004
6547
3279
695
1323
9531
3599
1127
9796
7005
497
9979
912
6032
4082
7200
6933
6172
7480
3192
1531
2615
5752
1001
2608
4020
4776
6109
7562
390
7955
3140
6800
9574
4768
4015
683
5681
6501
4927
2259
2449
2914
5189
6816
9335
3993
5592
2218
6398
3919
4817
1321
5994
2270
4507
8565
4394
3244
5202
4911
5551
4870
1566
2384
7176
8492
7710
6319
3374
5320
2764
4367
9750
6105
6497
6061
6236
9378
8010
3217
698
7249
5070
8585
846
6028
7513
5242
1381
6874
7375
9163
4737
5795
8059
6646
591
1016
5291
2164
3613
944
516
8838
8007
2492
1772
9183
1095
9253
2653
182
8834
5340
8149
7443
3996
2401
3152
112
6845
9056
3732
9885
2750
6585
594
4260
9466
3563
6362
5075
2383
7660
8730
3026
4944
7784
1285
5759
853
209
4844
2575
7228
4622
2437
3646
3586
7818
2378
7917
9690
1266
7143
4250
3787
7026
8913
5579
6564
7786
3964
4002
4406
6905
1840
10000
9116
2860
4679
4980
6545
531
6057
5388
7875
7615
1627
6220
3221
5483
153
9326
4588
6491
5622
2263
4172
4903
2927
2587
2902
588
7449
8261
3999
8084
7981
2723
7890
7793
2927
2573
8693
5945
2691
2883
2884
7643
9244
8130
8223
5002
4271
376
105
4945
8296
6762
4999
1507
8134
9337
9410
9476
5531
8295
5164
9344
6919
6358
6680
5995
5699
77
8714
898
8228
9648
3124
6629
3812
7196
1323
4168
4167
8095
1662
2104
6451
5333
6903
509
3509
2115
7427
768
3616
7390
2787
3370
9774
7733
2912
8129
9418
2318
7207
4516
4520
1337
5904
7105
5244
4881
3248
6378
1891
5805
8109
6857
5784
4834
8704
5089
8664
2224
8574
2206
3894
6441
165
4715
928
4137
9755
4070
6641
3963
5287
530
1135
9615
9094
54
6466
4473
9523
4480
499
1639
2120
1002
4935
1759
2125
1366
4574
6316
1588
8210
5646
7404
4205
9359
9882
1317
6962
1071
4620
2496
3375
8947
8803
5991
1548
2571
6687
9352
4052
2058
8607
6438
7983
5186
8500
332
267
7413
7359
1532
6334
1631
4646
9786
2191
7531
3820
8642
5497
3967
2369
8269
3723
2402
1526
5180
5620
2457
6466
4847
7367
1775
7467
3157
8230
9374
218
8087
4612
5152
7182
2054
4257
5519
2291
3630
9924
3570
7149
4734
657
796
3053
609
3119
9627
1508
4737
9530
5548
676
4913
2791
8853
8853
6165
2997
9056
2804
2964
2086
6277
4565
1163
2364
5906
762
3497
8903
1452
8542
2350
5998
9474
4805
369
6144
3372
3725
7179
5267
2610
5717
3377
3766
3519
7793
2912
8931
1383
7509
47
4482
2640
3213
2338
6314
7427
8056
4864
4960
1336
6543
6739
3947
8384
8779
7244
1213
8354
3303
898
4463
9792
2640
9030
3337
8549
2839
3768
6020
4745
6373
3732
2866
1662
1022
5934
490
7785
153
9475
6688
4903
9672
8281
4238
4494
6809
1183
1126
3209
4172
4508
4557
7304
6701
465
3268
4166
3247
8576
271
2321
9162
5033
712
5420
1449
8838
3252
9020
291
11
4467
1927
8577
8136
5374
517
5735
6891
823
4602
9423
2063
7365
81
3139
4034
9795
1934
5375
9444
9196
3879
8283
8858
670
8385
4272
3353
4278
6405
4206
6488
1785
4814
4603
4110
9888
9647
7668
725
6197
4044
5498
2435
9846
2712
735
5299
3578
6896
1553
1960
6709
2375
5029
7133
6782
4117
7042
4767
5824
6371
9201
2503
3219
849
8753
2530
1867
2153
9208
4459
1861
6905
6575
3376
4460
6619
5239
150
822
8855
1418
5489
9847
5872
1945
2674
8254
1781
6999
6422
9026
4150
8756
4567
7071
6024
4882
5182
5466
9990
7682
9624
172
6088
6997
7695
2024
2542
474
390
2856
9874
7631
1357
8057
1297
6725
8361
2953
7582
7899
3088
1551
6881
4262
2597
7932
5749
5639
1014
9368
9906
7757
3032
6252
8524
5537
7564
6195
2012
1056
6188
4952
8005
7290
1130
1062
9887
927
7143
1387
2515
243
1145
8617
2067
6399
5522
5819
2497
3205
4261
5326
1481
8631
9413
4775
5469
4496
9967
3464
9903
1925
829
2028
4283
1667
5786
491
387
3776
7304
2159
6912
962
5032
2791
3471
1128
2689
6848
7653
4659
926
464
6167
5260
2995
8112
6068
5717
4689
7702
2616
4265
3443
5480
812
9399
7152
9527
2572
9033
2577
2251
5000
6836
6078
1617
2279
8033
176
2068
7031
9071
7928
9944
5692
1866
7205
1645
3468
6432
8286
9640
9071
7827
8732
4291
3380
3155
3302
3937
8634
1542
6803
3800
8138
6240
7066
8444
4426
7567
3044
9219
9225
3675
3372
8375
7315
249
6884
3471
8837
101
4259
5338
9459
2470
9218
3073
3919
5542
7932
8383
4787
8668
1514
5139
8541
3048
1844
5219
7296
6727
5518
4736
3946
1226
2783
8985
9170
1604
16
1282
9737
619
2287
2688
9716
5396
816
4636
4311
9391
3997
9712
7662
6419
6469
6349
5998
2475
4010
603
1588
9446
1841
6689
9709
7880
2655
6134
6225
992
6742
689
7250
8476
3064
3267
3618
8570
3932
9221
1286
8887
3436
2219
3685
7296
6139
5608
5258
8736
1609
4797
1473
6156
2444
8129
7922
3394
2467
3930
8862
131
9026
2233
7672
6392
2862
2599
6234
2575
7492
650
1791
6375
7566
8504
5419
4472
3926
8485
2800
9505
1240
3980
4952
4374
9312
8764
5949
6311
2408
263
9567
6237
7997
1100
5056
8795
6128
2069
2363
4529
5835
4584
6293
6699
4814
2995
1863
6554
304
8817
7250
4736
9691
1649
3466
5572
8677
9087
4629
9971
5354
1788
3140
4740
8357
3389
8567
173
2643
5059
8888
2113
6458
2646
9781
1025
6301
252
4948
5390
3471
2639
7984
4315
5254
7327
9492
5173
8998
3248
4045
7501
7526
236
3146
1078
133
6041
2942
2878
1021
8182
7251
6914
8867
8768
346
3966
4207
328
1791
6642
1940
8017
481
5337
5032
8043
6887
9720
6781
8195
9252
1898
4065
4381
216
6894
3546
8349
2333
8566
2500
8739
1190
8131
445
194
8756
111
9862
8008
7162
6052
6296
3817
4359
4855
424
5737
8254
8311
7814
6037
366
7648
130
3048
4325
1553
4000
5484
7979
3876
9810
7132
7023
6647
4306
8193
5738
6555
4328
2810
8018
590
1601
9574
1071
959
7947
6620
5877
586
6600
1588
8379
6705
5930
9968
9779
5642
968
4280
8391
5465
3318
6755
4876
6266
4647
5182
1499
4584
9882
2947
7531
8464
9180
2404
4043
7169
9364
1626
5151
7652
3833
6906
9675
8289
2363
4666
2427
4484
56
5778
5853
730
8444
503
6314
1644
6484
9602
2713
7103
5454
1517
4301
3865
7671
2650
8734
7148
528
1733
7240
9946
6144
3575
7629
2398
9385
3776
3611
6934
637
9527
7620
2151
5397
7780
7402
6962
9578
6186
6572
4058
9947
5202
50
6671
6169
3448
4818
4796
2533
780
7715
9794
1413
2407
3015
4893
5217
3499
4387
4434
1545
7265
3988
6317
7317
6112
6850
6858
7031
995
7945
7273
7450
4449
9963
3501
352
9285
7635
3803
7177
242
3948
2955
6665
7667
1359
9360
7690
9972
717
3616
33
6216
7381
2789
1936
2879
8173
6950
7991
43
8590
9238
5447
240
8201
9380
7379
6582
9329
7259
5118
6741
505
6188
6988
1607
9754
8177
6722
3141
6313
1772
3740
5876
7726
8917
9997
5769
3473
1191
4274
9920
1279
1588
9051
6391
3854
999
8403
8503
7041
3455
1544
6447
158
779
3048
8179
1018
7830
6142
7974
5950
9551
6079
2816
9048
2059
8013
8331
378
8515
4378
5069
3602
342
823
3068
6265
9413
7576
8378
8653
3619
2898
7786
5806
1533
7387
730
7757
5851
8951
6093
7002
2501
8738
9005
4355
3149
3063
2505
1645
3252
458
9933
5817
9706
8555
7349
3661
7677
189
5484
4218
6592
4176
825
5521
8783
5024
9720
3165
1960
3070
4744
9412
945
2035
54
1073
582
5772
5122
8567
2841
3150
753
107
906
8440
4569
581
1174
3835
2255
6738
58
3523
328
4101
5423
1006
440
2768
9052
5254
4065
5093
4251
4272
7763
8222
6951
9801
541
7495
6537
6639
7065
9669
2010
4627
243
9243
8350
2599
9919
9695
3995
8398
8741
252
2710
7185
1527
1420
8571
7374
4097
7360
9280
9934
4814
5380
1830
7873
2008
6796
9825
6042
6158
4887
8290
5361
4177
425
8930
9438
1815
4738
5575
4006
6241
610
4423
6013
4157
4647
1195
5542
5731
4927
3968
1309
5751
9649
3245
9372
7488
7288
1571
5041
8727
5963
2409
9532
2557
3408
8748
7985
6503
5827
6482
4708
6819
1471
8865
5262
4764
2897
4502
2611
3570
2881
1420
8855
7498
9662
3428
8276
7879
4327
7516
8117
5188
8897
1057
4835
6799
2072
7903
6509
9632
9634
3870
702
6942
246
8094
1435
4361
7346
9597
2605
7416
596
6808
7215
3422
297
8501
3092
9370
8690
4485
2325
5123
1109
3494
9901
3664
4221
1795
2727
1650
1744
494
5209
8182
9744
9506
4819
7067
3918
6007
4442
9418
2656
358
2653
3377
9141
4649
8542
5624
4479
1130
3147
671
8034
5128
2863
7130
2837
1260
2712
2990
5115
1074
3861
6918
9904
9745
8134
2374
5795
9431
5915
3326
4082
531
1278
805
4858
1376
7774
134
2599
9047
4569
6857
3178
1087
9055
2874
3909
490
5986
9368
2806
8640
3235
557
5064
9633
2291
6849
6192
9095
5928
3725
8061
6413
4380
7379
3208
730
5169
2024
686
9988
1463
3079
1770
4577
215
5109
3313
7605
6425
5138
564
461
8213
7849
6900
7281
9598
3505
6276
9155
1956
9102
9735
9536
8216
1041
6085
1214
3802
5952
8407
4098
7361
7926
9762
5709
1471
8903
37
9866
1904
1597
2912
748
8250
5519
6100
7730
2055
9820
4223
584
8530
2738
8351
8190
8114
4192
7808
9314
1269
3161
2198
1366
5291
6250
3914
6558
5450
6934
5189
1687
3983
9823
3420
1036
2858
7143
2624
3357
599
1970
1949
5801
217
9810
9828
532
7793
5466
8594
8375
6103
7015
5873
9168
3799
6770
7107
9164
4400
3142
1828
9628
3068
8267
7907
3552
2053
9712
5919
776
3147
9967
2682
5691
9804
3004
4623
2226
2165
9172
8522
2885
246
2983
1582
1949
5540
6952
6835
6872
5403
4357
2680
4147
7669
5552
9223
3352
1413
358
1892
7619
869
462
3111
6771
977
1077
8645
7686
9636
3889
7316
8517
9094
2200
5856
47
9400
8019
2133
5849
2963
6452
5467
7890
4081
1219
1487
6002
8476
110
5145
9244
6114
5078
5671
3659
6524
5491
6169
7154
910
6744
5581
7520
6649
6331
55
8710
2635
5651
5699
852
773
2427
2348
7000
9449
8672
8783
8780
8451
8325
6237
1338
8115
7147
371
9795
676
2010
5408
2632
722
2406
9892
8557
9833
2940
3878
6228
1802
1487
8167
2797
7388
3325
8989
4236
1742
5016
6018
1209
371
5502
7427
90
8680
8329
8287
900
1192
3448
7406
1705
3311
62
8967
5232
3469
1345
679
8174
8514
2840
1522
4078
9507
9184
5302
603
1903
8957
7680
3645
7687
4140
5464
1808
7642
3765
8304
1038
5895
4797
9973
1547
2508
4218
1307
4610
1841
7098
9930
1369
7703
2080
6942
4805
2320
5356
9011
4062
8563
69
1937
8213
3213
7616
5834
9946
8131
480
3630
2491
2941
4906
1114
7421
7336
5139
602
5844
9776
2435
3637
3868
655
3171
6418
3340
8836
8990
7158
7602
3149
4834
5933
3504
279
9374
9277
4551
2733
5866
4934
6811
7829
1362
7831
7319
4095
3949
3133
9991
5715
9399
8693
9827
4468
6453
8576
8177
362
3021
3725
6626
4496
3791
3372
3124
9197
2571
9049
7996
9176
4541
1222
969
5153
1690
6618
9154
4511
8873
8010
1712
6730
4454
2154
9758
7943
2461
684
285
8056
859
1610
7349
6418
1900
6812
6745
7322
436
6154
4335
452
4085
3010
1040
9468
7999
4361
3550
4037
3618
9005
3649
3870
1465
6273
9119
1790
76
7564
3323
2408
9177
5999
5502
3118
7182
9062
8262
399
1247
546
7910
8655
9221
1440
5607
6449
7500
9347
7998
8127
8998
7237
6720
5543
7621
2186
1571
5033
7811
8859
9879
3187
3725
8619
3377
5640
6392
244
1723
7047
5682
2860
812
6569
1198
8402
5981
4370
9117
3015
53
7765
3847
5380
8151
3301
9274
5980
1715
6343
2649
6803
5542
1204
8180
7068
7679
1284
3748
2143
5564
1391
624
4620
987
3196
3502
5933
6624
743
8292
8376
1830
9556
9127
7886
9498
1137
7408
266
7578
6636
707
4953
4301
4571
5371
2406
8235
3345
5119
7698
7396
6224
3682
9796
6556
6320
9317
5118
1221
639
4380
6872
3671
5239
1732
7398
6965
9993
3821
1188
5209
2322
4526
4491
2807
5535
2454
4868
3936
1798
302
1677
4711
6401
5167
7494
5479
7601
5788
3757
6061
6235
3238
2504
1589
1468
6916
8953
9685
6867
6715
9886
5450
5103
5473
7804
4898
9101
5762
3111
6798
8382
8808
4653
4570
7879
1046
2964
3760
4462
8448
6571
6663
1637
1163
9288
2251
2636
141
2587
4785
7106
440
6704
224
2061
1196
7622
7101
9530
5004
5314
8971
3475
6710
1151
3372
921
1770
1515
9325
2935
1410
9207
4842
6109
6760
6351
3537
4965
3787
8691
7334
424
6734
3511
3893
2257
645
9850
3289
9574
303
2289
5275
6373
2988
6181
5485
8746
384
8619
3874
6299
884
8238
7889
8756
1364
7617
4415
4332
4522
6831
8761
3426
1345
7373
7661
6991
5090
7858
2202
6087
7502
710
1983
3163
1336
1351
3684
8077
6613
1563
9016
9987
7454
8350
9215
7760
2833
2942
9575
4252
6151
3794
8365
2844
7207
5257
2350
406
8325
8828
5860
623
592
3745
4776
1177
1414
9881
5219
1810
9208
2189
9829
9690
7635
9124
27
4699
2531
1207
8890
4045
3609
2715
9477
8866
8566
1320
7397
3529
6659
2139
263
4579
844
9807
7658
3032
4754
6402
1379
1890
9998
2767
4609
2745
1714
7469
1740
7763
8417
7616
5355
3793
5140
6751
798
9301
4597
2939
2365
2847
8510
7010
5043
9881
8761
9025
5779
2515
4329
4041
9538
222
4106
4900
7439
9005
7092
1817
2121
6209
5922
6984
2303
1720
3412
6717
1851
1308
7822
6547
8850
8201
7966
6817
435
2469
4926
4221
7197
6743
2468
712
5499
9021
2213
148
3316
3703
5457
8169
2048
356
7519
7381
1275
1626
6633
2788
4092
8554
4661
5348
2218
8600
6670
535
284
7344
2029
8775
6379
1634
2743
5426
5771
4651
2905
5990
6816
2977
1522
7099
8475
4355
2320
9221
2151
4786
9760
7301
8219
3340
3359
5616
3105
200
5013
4586
8201
5179
5679
770
6308
178
4783
3782
1507
3332
940
5902
5340
4774
8613
4101
6944
7882
6622
2313
3058
5564
32
679
3347
2356
6992
9573
828
9504
6174
4503
8241
8505
2447
915
3703
9892
3510
4437
237
8586
9739
6381
6390
9836
7847
4625
7768
6158
4163
1808
9894
3680
4636
540
4887
6748
4559
173
5638
2451
9570
9146
7857
6764
1549
8932
2541
9184
8975
6408
8250
353
2310
1705
5951
3261
2157
1479
5729
1084
4463
1880
5889
2689
923
7394
9637
8235
8801
6932
2393
6896
2741
8708
7150
2189
4018
9719
2445
7350
9537
5423
6488
9460
1473
3419
5603
3865
1094
7811
7753
2973
626
3292
5536
2511
418
863
8578
3819
7389
8227
9407
9910
4108
882
7692
4282
9409
1150
1183
9586
4104
833
5263
4044
9681
1400
4356
8590
7990
1716
8848
6306
8903
78
153
5096
3200
2431
3035
269
7362
5558
3782
467
3084
7903
4229
6620
1159
136
1074
2294
411
4068
2437
2224
2891
3168
6430
3648
7241
3435
9166
7809
8093
7746
8641
3082
702
7341
4227
6112
4932
1259
5885
7270
5258
3132
1459
6547
3233
3181
7376
2378
8203
4493
5235
1248
7257
5299
4881
1975
3879
2001
1963
2717
5567
1346
2520
7403
2094
3396
8988
7291
2953
3364
209
6384
6418
6562
7798
8681
1473
506
2232
8783
7881
5757
3570
383
93
4555
8367
378
463
3740
2947
9347
6720
7530
4714
3769
8480
6343
5771
2128
9001
8145
937
7518
6709
6695
6051
8578
4585
5377
1033
341
8491
5239
3805
2387
2517
1619
7182
552
783
5805
115
6379
9204
4349
7094
1014
3069
7965
7534
6476
5084
5068
762
2288
4908
2338
6499
9445
2176
4426
2597
3743
1115
6520
2597
7999
6169
870
4222
1717
2171
1725
9369
9936
6531
78
9915
3251
8084
7959
4734
4065
2879
4016
6234
3752
8479
4948
4961
9828
5961
7882
7868
6338
9619
9255
5658
8002
4379
2231
1275
1129
6639
8999
2181
8491
9972
3722
9913
3287
7607
659
2106
348
3661
6700
8579
326
1005
3152
4749
6581
4670
6445
8285
3321
9902
3625
7501
8791
4156
4192
9405
9148
838
5869
1801
4881
8668
5301
9403
5483
2384
9282
1247
6367
1451
5324
6857
3727
1172
1432
2273
7204
659
3020
3020
8718
8771
2917
3834
8992
4983
579
6027
1995
9582
1375
4292
5576
8008
7117
1754
7821
9396
7148
2814
452
7731
6685
4600
7934
9378
6223
3679
5975
6235
9423
2346
593
7298
2840
7564
2912
2179
4330
7780
6716
9694
9184
2248
2067
8038
4419
6422
5276
7501
210
9470
8116
4192
5
4077
2109
5366
4248
8694
1179
832
5878
6603
5504
9590
989
3147
417
3922
9217
3516
8557
4465
4574
5340
4410
7641
243
9308
1534
1014
2324
6510
279
822
5971
5190
8582
9139
2788
9316
3929
1998
4230
1673
2277
8965
1319
8098
3253
532
8358
9092
8622
41
8520
4042
4362
383
1182
7949
3974
3336
8155
199
1814
2409
6580
3853
496
4321
6313
5806
4902
689
8522
9202
1440
2235
3974
4423
6894
1756
7424
8303
5091
7776
2477
1340
7825
3212
3747
6457
3163
2587
6744
7962
6604
9851
9307
4747
8003
6475
9538
5342
2962
1436
1627
7971
6226
4057
2301
4813
1694
5768
2282
8913
3387
1896
4058
7838
2198
663
2626
9676
5006
7852
9509
5516
7938
7070
8523
7331
7510
2913
1325
8429
1358
6798
5856
6473
3511
722
8301
5288
6171
4558
8140
1097
5909
9654
8996
7397
3545
6646
1771
3565
4636
667
6184
1941
9126
2714
6551
482
7971
342
7387
1487
6822
4090
463
1152
3931
4603
3977
7247
9185
5703
916
2706
4534
1218
7124
2527
2497
2643
2538
9429
6691
38
3530
8047
3437
1984
8341
5573
6050
1782
2142
4069
9308
64
3228
438
891
3089
5464
6774
9122
3845
7821
9504
6331
5996
9395
6104
1682
4847
2755
392
5287
321
4200
3218
8472
2386
1148
2551
9266
3089
1507
5866
5495
4793
6566
9848
8866
7899
3142
3403
962
9638
933
5377
1924
1813
9192
1688
3539
6453
4890
6073
7813
8706
532
3826
7237
1812
1454
977
1211
9925
9367
3285
4967
1004
804
3820
8362
8546
530
8329
5971
5639
2087
5515
8494
4468
1602
9586
3340
3695
9520
7040
672
8576
1669
4907
8978
1743
5681
6328
3490
7418
9849
9243
3698
4852
7505
6796
5597
8863
3787
1950
8882
8547
141
9913
1801
1762
9511
1778
5125
4800
6747
110
9581
4637
3600
7464
9844
7795
3164
1325
527
4735
5510
6341
9079
6608
3844
5289
4124
5700
6926
5794
2170
4922
5810
650
5330
2281
8353
530
4554
8525
9698
8513
5943
6101
3682
8646
200
8257
8789
3800
1481
8862
1268
5701
2460
1742
7047
9269
3437
4879
6693
5467
3640
4913
2839
2316
9747
205
7601
6535
4830
467
4721
8556
6381
3461
4756
9402
8765
9487
7428
6912
6067
7281
5228
8267
847
1230
1028
1114
1119
4482
4873
3868
9413
6315
7622
1764
9488
2613
7252
3590
9895
7245
7674
9020
617
6724
6883
7621
5102
2223
6407
2553
7486
5939
2933
8237
7468
4239
3439
9578
5037
3455
3751
6174
6500
131
6236
8521
768
6728
2970
5781
4665
7520
9766
5564
3398
5458
9516
1847
3481
5549
6380
969
2798
1859
4768
2984
3147
4286
2509
5256
4473
5422
9144
2971
7601
9181
3842
2679
1572
4674
3586
6361
6435
3313
1913
3870
6453
7167
7199
30
5020
3320
7839
9803
6518
2674
5816
4206
496
5906
451
2280
2861
4751
7337
1457
3848
2002
6235
169
6937
6413
3027
1927
880
2472
7195
7511
8654
9989
6848
6611
4652
7904
2367
9410
9856
4322
7063
8514
9639
7825
697
9426
8330
3372
4660
6601
8437
2530
1403
1669
6693
581
5361
2792
9033
7605
4459
5842
6180
6316
8917
6738
8601
2804
6559
3290
5913
7534
3561
1948
452
9594
2044
9177
8390
4379
3201
131
867
5879
8903
2885
2590
4964
7890
1035
5737
9588
4121
5541
125
3897
7354
7433
1129
7411
4974
7961
9309
6983
3110
4947
6596
358
3529
7018
9079
7976
9008
537
7339
7261
7800
8191
9033
5713
2032
4829
434
7262
1070
9400
9947
518
3098
7311
2654
772
4209
9345
8924
7608
586
8514
2831
7571
7533
5169
8766
8998
7198
5180
5963
5265
3129
3473
5908
7402
1701
6659
6644
5034
1579
6622
3112
3667
9970
3625
2442
9972
9443
1817
4950
2185
4829
6906
640
1051
3019
8803
478
825
5194
4750
4717
3986
9645
5538
8392
9002
1248
1127
3396
5075
9145
8352
6804
8164
8402
819
4106
6556
8682
3516
2078
2028
5548
5962
5326
8357
6678
5952
6274
2402
2665
8653
468
9253
2405
6443
7744
5431
5491
2047
2953
9156
1131
8596
1368
2202
9723
3505
3770
3892
2509
6113
3472
7439
5326
1501
1193
4836
7123
5119
6762
2170
7193
722
1808
1397
6361
8601
5940
3798
1721
141
5157
2842
3035
6647
795
6451
6326
8891
5159
4869
1037
1410
325
4423
6356
2310
33
8445
543
2585
2119
836
5449
202
1391
6888
737
6358
6193
6527
7932
371
350
296
5946
4203
189
5037
7851
9283
5967
3086
9100
5144
40
9160
5154
3786
5296
3189
2630
3367
4139
7670
7145
7269
3117
8952
3153
5509
2874
9806
5671
2705
794
4930
654
314
537
6920
2334
4182
7689
8154
3709
9204
8584
6254
1895
3359
1791
2714
5607
3101
9290
6882
8021
9404
6925
5262
3793
9090
4569
619
944
439
6107
1191
4946
3379
8874
212
383
8348
1638
1257
4934
7610
9253
7063
8997
4764
3757
7481
6205
1982
2309
931
7566
3381
2559
2653
7222
1733
2552
4380
5953
1057
1083
6216
3173
2864
4502
5729
7022
7520
5106
3593
2116
6853
182
6410
5141
8325
3671
7192
4808
3560
3163
2629
7479
9607
4065
90
7806
8512
9010
2488
4504
2430
5231
1895
6552
1951
4695
6951
8480
3421
2852
9245
1182
593
2892
3496
1495
997
6401
6298
1410
6480
1405
8229
7564
5527
6277
4130
7784
5777
87
3744
6251
64
5115
4432
3076
9043
9165
8465
4540
6825
6369
2469
6728
3907
2877
7235
6622
7246
3319
9451
5161
9112
2694
2237
3119
5314
9755
29
9960
1381
1429
950
8866
9857
6038
67
1395
6221
8937
9745
9816
5127
3792
4897
3908
9428
776
9884
3905
9160
8659
6245
5784
626
5438
7073
713
8438
5211
142
9702
409
3054
7828
7105
1310
2339
4701
7018
6724
5690
805
8428
3817
9775
8009
1244
692
5355
185
9848
7253
713
8359
3864
2239
9271
5528
1408
7389
4635
8910
2230
6602
1134
9212
9115
5081
2060
7255
2060
6580
6043
9901
2771
8479
197
553
2328
8163
294
2668
4554
4499
3903
4445
5422
7847
4381
7523
2621
856
4394
9692
1084
6871
9865
51
3994
6152
6616
232
5441
7193
5336
7174
1620
5815
5423
5736
6716
2015
6399
7985
5081
5794
1265
2365
83
1442
209
4569
8802
1983
267
270
2460
7089
6548
8399
4867
1647
650
2453
6012
8727
4580
4152
8726
3210
8203
8556
3355
5187
6783
137
6786
1857
8707
6342
4431
1649
8022
5934
3544
2303
5289
1258
5231
4870
8232
1763
8677
7045
908
8739
4733
1813
6730
6466
7675
6682
506
8407
713
6435
1924
9458
2003
9360
2292
7020
5076
3811
5039
7766
3269
1927
353
7176
1124
7541
1001
1292
6816
218
1535
4797
3400
2564
4001
2040
5261
5065
2495
2605
268
5054
2477
1730
8645
3999
4301
8854
5098
9429
9808
2693
5775
6114
5913
4658
544
3597
5530
4266
9689
4726
5594
5561
6405
2656
1172
6672
9334
5399
6692
6362
9259
6175
5130
4894
3162
7460
7618
8062
6374
6879
8243
7208
2613
1655
554
4674
1746
849
4513
2095
3424
6532
9579
1743
7085
2362
8384
6013
2602
6033
3715
4529
3819
6396
4821
9032
9447
4975
1577
9919
6547
2629
6518
9455
4207
9686
4045
1633
4072
4410
8232
4152
5460
6340
141
1832
8422
1266
1866
3421
3363
3328
6671
5628
2154
6045
4284
9675
8020
7082
1945
4610
5710
2819
5646
8875
2233
5745
2466
8058
6974
2805
6243
7241
5204
1411
9697
7848
1510
7777
1588
2592
7939
294
4577
8456
4117
70
4606
9217
3246
5368
8627
8582
5025
900
1623
8947
280
1340
9146
9736
3638
8673
9014
4478
3217
4204
8751
7006
6133
4262
1839
3069
9639
146
5772
824
8090
4981
1397
4092
4144
8099
963
1933
8830
2199
5956
2017
8653
9845
2928
6964
8414
9052
2223
5819
2369
480
6692
9469
9852
3584
1278
833
555
3306
4584
1698
1496
968
2418
4356
7146
4073
7005
6638
6129
7294
8735
9816
5671
7860
814
4542
8801
6503
8016
8275
5199
154
1203
4757
9659
5778
4163
5048
5408
2020
6847
9985
3425
8371
872
8356
9817
781
8045
5517
2807
5386
4240
4647
6532
3874
7605
534
7650
8301
4935
5688
9469
63
5879
3546
4691
3331
770
8961
4910
2968
1701
1930
7404
9272
4298
3068
7050
7800
5167
4331
3622
1905
453
357
6522
9816
1023
9252
5101
8891
3167
1488
399
607
2814
6059
2035
4958
373
1229
3885
2067
99
4262
4790
6378
4729
5415
4655
2143
509
7871
6615
217
6586
4526
6880
5189
2101
3911
4529
356
1313
9690
6596
2215
3988
3168
5721
7815
9322
7597
2737
1060
478
4768
5313
7372
2933
4912
3194
5364
6756
1749
3010
4595
3801
2964
9195
9031
9612
3316
694
6727
2722
8998
3391
6474
8325
9387
3886
7192
4502
1045
8424
737
3939
6638
2123
6665
2096
8865
284
9158
8260
2536
3743
1931
4240
6462
7757
2190
924
6326
7134
2915
8654
5983
9550
3638
5136
8366
9285
332
1091
7467
2243
2155
9608
5904
781
6721
9379
1872
5743
4040
4659
2598
767
4696
4151
4260
1972
2834
3024
6173
9594
1636
9456
9902
8127
2674
9573
7767
2680
43
785
3215
6883
9798
4436
5264
7660
3735
659
3092
5056
2083
365
8004
8569
5163
2295
3103
1384
4605
554
595
8428
310
1011
3903
6652
6686
7471
90
6790
2493
8890
6993
622
2292
6749
1356
2506
2539
366
4521
4790
3418
1745
2242
2125
8723
6620
6756
6326
843
7191
9870
3114
8973
7302
3965
5874
9337
4805
9103
3546
5345
4769
3434
9940
4397
2477
5708
187
5197
9981
9981
3743
3912
4071
5156
8629
3826
7849
5579
7058
3594
109
3602
4750
1126
6917
2396
9510
2478
171
2621
7036
2175
9960
2241
9193
263
2941
6034
2459
9541
4920
8831
3894
7825
814
9990
9349
6260
7345
3375
5645
9962
6449
9037
9616
7052
2625
4636
3807
9519
2601
2485
9939
9481
3650
6577
4248
3989
9183
1194
5972
7478
8368
2051
3443
8496
334
6570
7510
7968
8732
5129
6573
9943
6412
58
2515
7699
4360
1441
9583
6506
6232
9727
2294
9816
6788
6535
2616
6523
4039
3427
6215
2298
9854
1668
9567
2006
9106
1120
6483
5477
5641
9276
9997
2498
7242
9505
3712
7343
2480
202
3516
2866
2807
3871
556
7509
2226
8821
1646
8733
1997
385
7946
1486
7172
3545
5861
6961
1254
9404
4829
499
7721
4818
5054
9111
245
5426
8466
4482
1286
9938
4895
5150
2991
1576
6700
9869
3606
1467
1359
1989
9284
2504
5381
3917
2336
2264
4729
4323
3809
5978
1816
2797
4703
2331
2414
1705
701
9029
5987
528
756
569
5757
406
5210
8120
1957
2606
134
3210
8105
7158
1082
7941
7943
9368
4314
9986
1994
3267
1065
7717
1676
6785
6225
8593
4888
1878
9468
4943
6076
5885
1685
9317
9974
805
4075
2328
7684
2071
120
691
1088
8780
984
766
342
1531
6839
3555
607
2125
2605
9211
4397
1485
9479
777
8340
2447
6022
7882
7902
8457
5598
6926
612
2012
6875
8414
8955
3502
2037
7784
196
7111
9173
6678
3097
2854
5544
9309
2873
2293
7242
8381
7285
2068
8866
3991
9815
912
2927
4466
2317
7352
5010
610
1217
4125
9162
5541
6016
2573
292
1179
8529
3981
7491
2762
9003
3189
6682
7055
4006
3593
1843
2686
9002
5554
6989
2256
3083
3312
2925
8395
4165
2729
2275
1701
181
1124
7071
2952
1596
5232
4051
5802
7853
8857
6939
4785
3437
4587
8682
6285
1426
657
1066
1187
3362
4590
9580
9480
5542
241
2781
3624
2343
8737
2040
3282
5753
9832
1361
6303
7910
1596
2300
7121
2944
3512
5336
6510
6595
4861
1183
8594
5690
3735
1159
4347
4184
4977
8929
1489
5787
79
7615
5768
9337
9368
9034
2135
8199
1113
4589
4356
6221
4382
481
4028
906
5410
6069
6600
3901
1521
6571
2505
1574
2361
6604
3613
9021
7681
3518
4931
8576
3027
2500
5737
7773
3648
7825
1634
3104
9113
6863
6976
5082
9181
3718
9161
301
4533
8833
5126
9076
5696
442
9691
6759
4264
5903
1143
1946
9312
6690
8712
1240
1023
1838
7840
4493
2000
213
6400
9778
5888
2305
8431
3462
4929
5555
4238
5966
4708
2449
2957
1662
4141
4743
8409
6822
9172
9156
4160
6986
1724
1557
3328
1930
726
26
8909
8799
9345
512
662
9017
6666
6283
3344
3178
9522
1882
327
8419
7729
1130
7895
6891
4580
2650
6847
3105
7975
4411
5510
684
3633
5849
1860
1755
6048
2956
5505
1194
7962
3081
7099
9488
9442
7251
9488
380
8689
3242
3724
622
3418
5248
3247
3759
396
3099
2954
3027
484
705
1879
9589
9895
1556
5524
6780
5767
3524
5501
9954
2485
2267
7728
5795
24
85
2532
4829
5348
5603
6428
1279
7558
4050
8060
7303
706
2068
1766
1023
4997
2376
7213
221
6901
3152
4131
6634
4016
6977
283
8793
4541
6273
6944
4889
9554
3769
644
6624
6951
5385
518
9090
4785
5948
5709
6977
7925
9795
4492
5636
2547
6842
6284
4415
1463
7074
562
2179
9155
8558
7847
5157
8754
2614
7771
3627
3201
7325
296
8038
6511
7309
6037
4179
7030
5527
3223
5276
5362
41
3298
2462
6247
5319
8071
4203
6755
9925
2458
3626
3069
527
6512
8145
9195
7819
6434
5804
8833
668
2586
9524
1984
3296
1648
3758
7508
9172
4283
8967
9427
785
5455
9164
1132
3841
4966
5328
5741
8604
2249
9113
8516
3839
6694
9939
5799
54
1980
126
4577
2549
5457
9166
3988
1760
1079
8825
1994
4878
2484
6917
6099
4281
1567
5485
7417
7135
264
9148
841
905
385
6144
5149
9829
1065
6150
7139
9515
2477
989
2800
2685
494
215
6166
2050
2990
8715
1553
6684
771
462
4329
4603
1829
161
5427
7381
7527
2327
541
2052
5031
6185
6984
4527
1223
7721
8632
3305
7844
7125
3297
7991
2997
370
2424
5758
7452
3712
7029
980
4050
6247
1434
91
7250
5353
5445
8495
3689
2307
2682
7717
5873
9198
809
4962
4974
9217
6919
9747
5555
2827
4146
8182
6445
3273
4613
4111
2098
9812
4878
1609
96
6026
126
9408
1670
5753
3870
9474
7175
5951
3130
9848
5752
9873
6147
8381
6920
8595
199
3147
826
6790
1776
3549
3094
8235
96
2111
2627
49
2624
7176
5602
17
8146
4258
4849
6179
8051
9269
5272
8160
3899
9307
4723
8854
3877
2241
9835
7237
2805
6368
3645
6066
1489
131
5652
1996
3341
5888
4587
4760
6864
5019
3725
1422
8268
75
801
5817
8611
73
7169
6047
7307
1786
8641
7836
5247
1082
8936
1409
5990
4508
9068
8163
5102
1947
8298
8612
6477
5749
3279
6339
1239
9077
5373
2850
4092
7569
3579
4163
8642
4957
3526
5450
3827
269
5297
8146
3314
267
7226
9638
5174
1884
8225
1621
5221
5795
1000
3802
3623
1971
7517
7139
2867
6894
9570
3725
6261
4021
4064
314
7128
4219
7698
4421
6721
1670
9273
4278
1823
814
3994
2345
7208
5583
559
9266
3442
3894
5253
9794
7997
5382
8580
6202
7124
8228
4874
9858
2710
3873
3698
9118
5567
8214
8518
7192
7480
2658
558
8726
4500
726
9658
2597
958
7568
7123
9732
8668
4713
2431
2665
2765
398
3381
105
5366
4033
4603
6483
5533
7131
5692
7451
7177
5904
4891
9434
3634
1530
2718
918
7339
5890
78
3508
579
7737
868
2674
9887
8129
3548
7729
7945
2992
6880
4949
4171
3421
4510
9953
5690
8830
3344
9424
7468
7386
9874
2048
4892
5065
6833
8537
784
4989
371
6855
490
9897
4057
8817
5336
7691
8271
6069
7141
6823
9232
6638
6383
7826
851
4342
9538
1990
4799
9305
2472
7112
9133
1902
6204
4038
9508
2018
9397
6671
9262
8190
7032
5678
9905
4543
9031
2312
6197
819
6818
7293
2821
8026
2836
7737
6557
2666
9472
4369
8602
8692
198
9915
5685
712
8858
4347
71
7327
9993
1448
5637
8229
9779
2514
8936
7649
6649
1297
4557
1828
2978
4898
140
9149
3397
4445
3393
181
2830
423
4529
7443
10000
7757
2686
9965
5218
1300
2550
9740
8899
3252
1637
8015
6050
4566
9699
1846
6885
9196
9455
4406
2735
7121
6201
4443
8681
4700
7148
8120
8524
1697
559
78
200
1825
9396
4345
3190
5560
571
1680
908
1935
4240
5111
7378
2790
7570
6909
7176
4431
6
5952
1729
6266
6778
3116
2597
3432
9314
3832
4639
7545
7613
9502
1015
4589
4514
5122
4227
4023
8913
6981
4938
1928
6295
4136
5913
4925
282
1442
7992
7016
6401
5431
8019
1287
8127
9304
7879
3329
9193
9723
2044
6723
8711
1631
1106
6896
5831
6273
2053
4340
5157
9300
8624
4815
6752
2707
2491
525
2090
3799
4307
8463
3190
2969
3745
176
5785
636
2092
2866
6636
355
6221
6374
2309
6374
8540
4154
9523
6265
4803
215
8011
8449
6935
9008
7730
7296
8179
7849
9830
6787
6735
3522
7128
9169
1066
9141
9162
5894
4393
1883
9545
1359
6939
1671
6977
3441
6724
9573
2365
7292
2891
5425
9284
1331
6630
8811
574
7771
6067
2288
6957
4048
2333
8828
3239
9413
592
7846
8987
698
4981
2280
6598
9134
9194
8159
2325
703
6189
7659
5206
9554
9160
4672
8739
2854
4288
8535
3760
1743
4444
9444
7841
2426
3400
4526
2049
7654
1277
4792
7398
5846
8259
5328
6567
6577
7961
5454
7897
5907
2976
8143
1243
6256
3385
7934
9375
5679
6230
6657
1794
2623
1115
8772
5500
1517
5116
3981
8264
7266
5497
4443
3669
4109
6103
9072
778
8650
1015
2363
7891
2832
3467
7157
434
2533
8037
7217
3137
3996
7711
2202
4047
4751
3994
1166
8127
1715
4827
5714
7750
397
8546
6017
2884
4996
1090
4372
2343
6619
4302
1902
2251
8088
622
4939
1197
8551
1441
3744
526
9863
7506
4466
7979
6744
3357
4465
4792
9156
5711
5608
9248
5856
3058
8563
2063
8330
2684
131
7421
6672
9551
6667
3601
7963
585
9476
4712
5226
9890
9618
6186
3676
6154
6992
402
1888
122
2639
4842
2255
2617
4556
9436
8749
8102
813
6853
7436
5600
4253
4400
792
8237
257
7638
7700
7908
6885
4748
5167
3707
7068
9866
7022
4869
4275
4786
4753
4460
860
8191
2071
8366
3708
9367
1967
965
9209
8026
7230
784
1041
6843
4933
4987
5313
2379
7694
1576
9118
1561
6439
9940
2855
2266
1242
1514
3624
7134
2493
8339
4925
8928
3045
1388
5401
1560
9739
561
8062
2311
4248
2844
4024
7184
9822
2518
9886
6967
4106
2947
8612
4887
6103
9534
4791
1759
1186
3429
4750
772
1885
3095
7659
6719
3704
9242
4094
3356
4517
7794
9765
3563
8439
1902
1653
5329
8112
3356
857
605
1100
8261
3387
607
1780
6463
8858
1915
5977
3530
7470
7062
5565
753
4606
5660
5351
7893
7354
7885
2180
659
2903
2982
3738
8307
3929
5887
9405
8968
5774
8711
1868
7551
9301
120
4688
1232
4801
8544
3543
7453
4079
3803
1354
9056
2848
6077
3471
3438
3927
1806
1395
1987
187
6332
3254
2439
3289
5926
5911
8787
474
8211
2082
7821
5476
622
9201
293
6055
9212
1501
8746
3596
7032
2198
7446
8792
6204
8131
4762
8805
4141
4846
3489
841
2184
223
6787
8219
3180
2728
3885
5755
2854
1911
9
9397
8100
3047
3879
4069
821
1928
3607
2560
4395
2334
6439
3866
4889
224
8092
3435
4123
5943
9075
8920
5575
6122
7321
9839
5543
7131
9831
309
7476
9732
5667
3314
9605
793
8144
3747
8538
6658
5578
8263
1439
7980
6493
5658
7659
8080
1179
991
9817
6664
5250
7839
7160
2785
5718
6574
7919
8730
2156
780
4581
6904
5863
5353
6543
4896
1735
6999
1141
7503
111
575
5258
8044
5731
8304
526
9681
573
9814
7311
7168
9646
8689
9630
6889
7449
7593
6927
4836
4421
8941
8256
112
9089
6458
3480
7441
3094
6492
4246
6023
9983
7785
2027
2018
1204
8525
4037
7094
8866
2313
2320
4707
2555
8630
3076
4077
3355
6701
4512
3962
7800
46
8188
9892
6873
2451
9782
1176
4008
1072
7438
6837
2470
6296
6944
4145
1399
2611
6584
7044
7244
160
525
5571
8105
1505
4370
6179
9969
2133
797
2269
5181
5138
2666
9776
5458
7298
1941
8996
5507
8631
9751
4607
6877
9308
7057
4467
5872
6990
7685
7319
1658
8337
6736
7982
4700
5581
1335
1224
3772
4111
7556
7362
396
7195
9085
4030
4411
2312
4210
36
2288
7330
1778
9506
3337
9887
9925
5084
7952
3580
8516
7426
4467
1237
2365
7620
3547
2210
40
4968
509
4559
7933
2169
4554
1373
3861
454
1579
6236
56
9335
3432
1408
6242
7510
3758
5390
8482
721
3856
8094
5211
1227
8514
2560
7748
7199
6078
9997
1709
6296
6176
1832
3267
1425
9851
6854
6171
7137
9248
8212
9203
6425
2437
4816
9957
1230
4680
8099
4300
9407
2260
3614
8648
1083
8896
485
6065
4312
5507
4937
9341
7164
4065
7672
459
6839
5535
4809
7458
752
5896
5831
4586
8443
9892
9542
9258
4730
4535
4625
9048
7561
4543
8923
1448
2248
4708
4163
6738
2360
311
8994
9546
8858
269
62
6765
8747
6429
5437
4000
5846
5621
9866
9985
4326
3485
8586
417
2862
3654
169
8642
2282
2909
4697
713
9167
9121
1796
2235
7293
9813
6956
8640
484
4560
5988
5719
7605
5390
8028
1983
2556
5203
4153
7404
8147
2103
3912
6061
7351
7070
5536
2687
2568
2280
4291
9238
8836
6624
8736
1930
8025
4882
7587
3477
9203
5082
2891
2011
9238
3214
4370
2779
4092
3160
7710
3519
4494
2629
9000
195
8908
277
9651
6932
9590
8876
827
5980
362
3362
2655
438
9513
5373
6948
739
4283
2164
6494
9268
7651
908
4081
3340
4028
9557
1087
365
4468
7799
4928
7686
2021
8498
6108
2144
4994
5697
4394
3163
9961
6994
7766
3721
7345
5612
9194
2758
8403
5108
4633
387
3476
1710
1640
7939
7801
2910
293
3395
152
6498
9848
1406
119
7741
3713
6298
3183
3562
7532
7722
1956
779
3449
3642
9894
9038
7748
6889
1041
8319
6511
2961
1056
8354
7793
6359
5132
8988
1084
8742
1399
29
3210
2321
665
1629
5550
6475
4723
7532
1926
9765
2370
5456
8684
7385
3413
3325
8302
2970
3769
8427
2934
7508
5423
342
7642
2497
3510
4443
9937
6250
8595
2567
3982
4269
8370
688
6736
5050
6871
7291
8466
2906
2896
1337
6202
9219
9072
7893
4759
9566
9797
3581
8604
3166
3243
5230
3089
2461
1401
8410
9355
9119
7758
8579
6944
3059
88
3015
6640
2571
4102
1755
945
3167
2923
9146
2141
5109
1617
2007
7530
483
9051
3465
6110
507
8903
2545
8698
1130
7095
9215
7456
4932
5519
7900
7155
4903
6922
2993
1290
731
7507
6006
3909
5022
4788
2399
327
9665
2590
8774
614
6580
1157
1479
2811
1789
7141
3487
5318
3772
8936
646
397
5494
3217
6426
2688
8186
4315
3641
3163
4463
928
7387
6096
5453
6388
7689
9233
2725
3520
3438
7247
5683
5508
5600
1883
118
2866
5667
9508
7235
6753
4107
3829
9092
1792
1737
6785
9917
8546
1451
4766
9232
4099
618
28
3415
6357
9240
1378
1676
7624
4507
9362
39
4259
1933
4957
5019
3576
9481
3462
4562
2570
9545
1874
7682
4223
1851
4437
8071
8248
4646
421
1790
4449
4787
7179
9475
5000
2795
8462
290
116
5958
1080
9942
7156
6929
4707
8166
737
5158
9461
665
5508
4209
4758
561
829
4224
8224
8482
5646
7567
9187
6150
1420
4025
971
7550
6452
4095
9200
7053
5365
5666
1530
3382
4174
9729
5227
5377
3516
1149
926
9945
3893
8223
4495
8312
2289
6520
7552
8064
1667
323
859
9949
5663
4447
1445
4149
1346
9415
4008
2080
8227
6064
5360
7522
8890
413
5056
2678
7626
3556
5268
7671
7274
8470
4720
4808
6189
4815
3942
6450
3827
4884
7386
6196
524
373
8608
6393
4479
3253
8342
1994
2952
3285
8196
3892
6979
2227
2929
5950
418
5680
8802
2932
2780
6927
9676
448
7247
8689
6629
5709
5679
134
9976
5641
9856
8380
3574
2904
2212
3074
2391
2532
2903
9859
8145
7706
9353
6976
5935
5547
1981
7266
7654
4758
5866
4744
6826
8091
3553
8318
8659
7165
4852
9299
376
2491
1005
6906
3134
1803
5670
9841
3470
7397
6899
5880
2222
4117
7242
2282
7462
3298
6216
7464
5070
1162
6166
4058
2911
4259
9600
3662
3801
4016
2997
3014
6977
9077
1143
5429
9934
1055
7030
4282
4397
6969
9769
2850
1914
1705
1634
8481
2929
1502
8591
6345
9119
9845
6730
2169
7016
8318
4891
2801
926
6521
378
9902
5063
930
9852
9260
4673
4332
8438
8480
8049
9881
3143
3195
7093
8597
2081
3143
5493
8770
6758
5294
4693
8058
6684
7237
947
6208
6893
3747
659
1177
2124
6275
510
9129
2469
862
2988
7006
3768
8164
5441
788
33
2354
5177
9706
210
7479
9727
7262
5354
4109
7936
4956
2664
8508
2001
894
6363
6236
6104
9101
7402
9542
7262
6522
7866
6657
8073
1526
1173
6392
2681
5433
6902
9849
7541
1508
4620
3594
2188
6606
760
2866
4036
8421
1244
9368
5307
6524
859
5658
5407
8594
294
3617
9868
2441
4179
5594
5897
9497
8358
4212
469
4924
2737
5435
5157
3333
3479
876
4543
9027
2259
2308
8208
9712
8857
6125
8758
6366
6910
5063
961
2140
6605
4429
2549
1830
6723
2731
2791
992
2242
7553
8917
5145
4658
9963
6318
7202
7578
8102
2145
5386
1904
5201
8852
7704
6783
4012
6832
493
4796
3947
6801
3630
5332
6858
2864
9446
3693
5945
2033
1359
366
7573
9834
2385
5001
2555
3870
6531
1019
6029
2702
6654
1773
6217
216
3093
9466
4154
3086
1615
41
7511
8231
6135
6116
8390
8050
6102
9499
5593
8704
8135
1525
2308
2545
9908
5707
525
4983
7493
778
9847
6301
5660
1413
8368
525
6380
114
6442
1470
5707
8029
9347
1707
2445
620
9490
1499
3608
2474
9354
8286
7308
3254
3368
4212
1129
177
7680
5419
4190
1143
1259
2513
2493
3438
273
7053
136
7743
2051
2343
4625
403
4429
1723
6802
7090
360
4389
9909
4379
8975
8467
6989
5756
917
532
4587
4097
8961
2690
9818
8262
8538
6742
676
9115
339
6182
410
4707
1766
8775
5553
6998
2829
3284
7834
8537
4690
804
1332
7396
59
8505
3375
9464
588
3365
1041
4808
3286
37
4804
888
9083
1748
8963
531
8607
8345
1684
3897
1807
8081
4317
6
9486
8288
5783
5536
1511
7422
7532
1800
8651
8588
5759
3360
9469
6615
6236
9494
125
4981
4717
7065
7369
8903
9415
1642
5246
3685
6260
6434
6081
8751
7820
6565
2224
772
9734
1465
5331
5236
7070
2633
3701
3365
4881
9020
496
2801
6532
5419
781
3420
7742
9292
7724
5562
9423
4651
4243
4487
1336
5245
4070
4338
8933
7283
1831
8517
7530
3215
8797
5034
849
9849
6850
732
3093
6622
4647
6502
178
899
7297
8139
4254
3895
2628
9497
5556
3247
6787
692
1716
1317
4842
7113
4786
755
9542
9591
8672
8464
6166
1646
5262
9008
4963
8731
8273
9712
7435
907
1247
8538
4040
8526
7926
6148
6256
7530
8225
7203
9814
5328
578
826
8987
1436
8535
590
8570
8826
6896
3189
8840
4588
907
243
1669
8241
3394
814
2397
7689
6703
6411
3423
7552
6619
2840
5604
597
1815
4198
7113
3980
5126
1686
4132
3918
3881
9972
4479
2343
6976
5500
1377
5516
3924
8310
7425
4085
3314
395
6523
6426
2239
141
7160
981
3260
5550
8207
7184
9773
6401
855
1723
3722
8661
223
4334
2237
4510
9767
8614
8285
1727
9233
4002
4367
3049
8427
5731
8743
8386
9775
6155
5763
1323
6533
1019
2092
1634
8440
935
995
9809
8056
5706
6069
7267
1488
2928
7273
1567
9432
993
6272
6857
824
1959
4310
3699
7854
9510
2453
4532
5597
1363
1948
9697
5933
7932
4950
7122
3315
4960
2414
3732
2634
9038
7913
8957
8485
5412
3619
3576
3010
1366
4756
7383
6271
9327
5487
588
208
6860
2581
9947
8624
7414
9224
1
5932
9973
7743
9574
3749
9435
5218
1196
207
2861
3397
3341
2914
5024
4421
7389
3063
7371
8955
7453
6014
6339
1131
1003
5973
4329
556
1822
2874
8930
7639
1863
8874
7538
6855
4479
3699
8484
2943
5000
9195
3468
3287
8264
9306
5989
5287
7068
368
3285
9919
5398
9606
1503
8936
2993
7140
3942
3928
4072
4914
5419
2244
6226
713
616
7806
8762
1040
6766
5797
1447
8271
8668
519
1951
8817
9217
6144
8072
5863
4941
6597
7776
6963
86
683
4806
1561
7940
1927
6655
5895
4305
6154
6034
6901
9169
2573
9186
7176
1032
6110
786
9829
8712
7074
7065
7234
2334
3080
5126
1176
7823
95
7663
5036
3905
9504
7280
9092
8867
364
4454
3728
1363
8285
7131
8203
6318
7608
1723
5705
3307
998
6721
7544
8957
4433
4817
6494
4694
8118
9292
4732
7914
4930
7065
7455
1537
2857
4398
6037
4397
7480
7348
3510
2551
4504
5411
2095
3257
4653
7656
1017
3895
1552
8809
6880
3304
5433
4942
5843
1974
1182
7563
8987
7648
9067
5380
2115
9484
8034
8482
2234
7353
3403
2405
8314
9445
6507
2856
886
8003
8962
2162
6905
7379
9418
8141
6743
2092
3614
6523
7364
8714
5985
3341
3739
2054
2796
3227
2379
7113
7426
8300
3993
6551
263
8837
2348
4990
8214
8155
10000
2650
3804
5069
7517
9927
5307
3778
234
333
250
1918
5244
3893
8847
6141
4368
9873
7989
695
417
6790
9047
5585
63
2797
9470
4597
1898
1909
1209
3921
8546
4526
398
3144
2710
5678
819
1734
9272
3181
7369
5648
863
1911
6483
8696
4484
8577
7023
8669
4921
3080
4126
9185
537
1749
8170
745
1041
5226
5224
5533
4114
6399
9455
7352
8923
234
445
4080
8213
4958
6806
1144
9585
6392
9166
8382
8147
9667
8855
9214
3582
3702
8110
9640
8826
2256
8124
2953
6278
4513
4109
364
9794
5423
6648
2904
7202
9076
8929
1226
7172
7752
1985
2852
2306
1536
397
8575
9367
6651
7816
1928
7209
1928
5181
4240
8703
6333
1750
8770
506
3753
1360
32
473
633
8542
3266
1368
6594
4771
7456
7387
3659
4669
3547
3250
6282
206
7115
9257
298
6989
8183
9782
677
1103
9369
291
5910
8508
5719
4487
9237
3024
1435
2000
6081
9065
5040
2489
5148
8993
1687
6638
537
8060
3299
975
5290
7356
200
737
6114
707
8969
8025
499
2574
8735
1329
6142
8434
3123
644
7924
1857
3243
2739
9585
8824
6975
5771
755
4470
9977
5423
2827
4986
1430
3333
8001
1766
6898
315
9411
6937
7697
5868
7322
7405
5530
6908
4810
3666
8460
779
8264
9088
9517
6860
6021
6658
1372
7867
4485
8588
8458
2710
732
6207
3340
9318
4997
505
3163
5596
3359
2978
909
2084
5154
7184
4937
4230
9390
2355
3927
655
4
5848
6710
8777
7803
8533
3792
9821
813
4152
1234
7346
9609
9919
9683
5976
7760
5970
2332
2096
3776
411
5363
929
585
696
248
6986
6067
4062
6958
9886
4075
6479
9668
6050
6669
2366
3177
8341
2507
1475
2831
6455
5365
6921
7059
4829
9769
1732
8531
8694
953
5840
1383
3158
2057
6731
3362
1166
2689
7429
4052
8569
2389
5720
3163
8127
5356
3418
5007
7500
8123
5051
1180
908
9005
1120
5356
5692
3108
7146
6738
9915
1372
4828
508
3147
6148
6163
1051
7688
8203
3316
4035
8918
9244
152
4561
506
4439
2221
2377
2556
1832
3306
7613
8483
2050
3012
8497
8606
7881
7410
6897
4707
6385
6002
1756
4759
8084
7247
5243
4851
6179
5592
7523
23
2633
5147
9186
5375
1437
8311
4410
9809
9522
3619
6475
2098
5605
3727
19
6783
6666
1472
3502
8962
7279
8093
2131
2224
3725
3354
4411
3166
2279
4566
2332
8994
1580
4660
4306
5877
9242
3024
7752
957
565
7994
8676
9286
2703
6557
2305
9655
1238
6221
3478
2801
8964
2283
5065
4764
9633
8587
8238
5039
79
9887
4532
3081
3795
8490
2852
8259
2869
3112
6757
5596
7130
6471
2630
2400
9071
8752
1559
5150
958
8282
2234
35
9807
2029
8357
7382
4874
6547
5934
2949
7425
9665
7927
4179
1990
9732
3864
222
7148
9840
2809
9006
5958
8899
4406
6446
1838
1648
4251
1873
1961
1652
2329
5877
3426
8046
8010
724
7275
3090
4956
3773
9467
9426
9947
1565
3556
5211
6715
8118
2897
545
2928
5585
4664
1796
1033
809
374
9576
3538
2035
5674
453
5572
1830
8799
1847
5633
5860
7826
9329
6253
7536
5386
9411
841
3611
2219
69
1313
1177
1547
2631
1112
7667
3253
5077
8732
851
3748
9469
4454
3482
3133
2713
6711
9994
2840
8039
8972
6446
2791
228
3625
8262
2391
2595
7265
7556
4958
9459
9325
6623
6862
7795
6428
6454
4259
3143
219
344
5923
4889
1233
595
5471
3918
8908
6011
9230
7921
1794
6738
2258
1668
1158
5502
8789
4081
9365
4216
6067
1136
4180
5178
4766
7831
367
8971
5185
7954
8635
2196
4896
341
3755
1854
4963
8879
4152
8154
3601
5751
25
9149
8553
2427
712
8230
6714
6428
1697
2172
7058
8065
1225
4622
6835
5021
1886
2116
9864
4697
5301
3299
2049
9754
2624
2949
6015
5319
4479
3476
9428
6350
1032
6215
3880
2208
347
7567
9215
8382
2445
8248
2589
4961
1397
3664
3997
4458
348
9311
8944
8521
4707
4536
5368
2964
5601
9007
502
2775
3110
272
473
8163
1298
2875
2706
6833
7037
4507
6677
6982
7516
3239
5873
1055
20
1849
6703
3951
254
7510
9411
670
9369
561
1319
6959
6568
4636
26
2427
1739
3760
2797
8316
3029
5323
690
9748
6507
760
7473
7340
2686
1150
249
9760
5180
7573
9667
5221
671
1534
2524
3467
9283
2166
5572
8589
9829
6579
6860
7198
1470
5575
2572
8039
8525
5925
9993
3749
9452
9973
3529
7324
3260
3959
4967
3860
6241
3261
1342
8428
7191
9706
2451
6528
4741
1586
4823
8610
3247
8988
7077
1645
857
884
1089
2154
2832
6821
1037
6367
7160
4983
6330
1705
4663
3425
3429
7230
1995
4148
7477
4527
8018
2663
5800
1770
7909
4728
3218
4862
167
7328
3189
4196
3554
1184
191
4728
4848
1942
8780
2968
8284
7928
1590
5551
1186
1249
2985
8559
7829
7780
6116
4043
1550
8413
9702
9843
7538
1306
3928
4679
3579
7629
1317
9095
6079
2911
2051
7017
7604
3230
314
22
7441
2047
7975
5145
5291
7954
316
2114
850
1573
957
9889
2143
2793
9262
5306
7627
6425
1316
9362
2902
5033
9162
9271
4114
5506
1541
2113
6769
969
8274
9665
2078
7421
4662
8325
9190
2325
7479
4347
9525
351
6219
650
5057
1338
6185
2017
5139
5596
8174
4246
3363
7429
8021
4388
7101
9065
550
1032
3595
638
5683
8454
9983
8906
1054
4894
9072
2260
2669
1822
9798
2147
3858
222
6494
842
3364
1251
2791
8114
4689
2491
1631
9228
2712
6510
5486
7067
9160
7992
8760
6575
2379
7918
9292
7027
9838
9397
1041
9151
1384
1653
666
6140
9973
8391
8322
6934
1472
9303
6528
4883
5178
5358
6353
5214
4850
1699
5360
5977
7299
8263
9485
4969
8179
3952
4494
4224
6159
1478
4895
492
6038
5543
1133
6729
4040
821
8378
1401
4304
3800
7186
2667
4266
9800
3368
4032
8487
7232
4545
2395
2942
5782
9993
4579
4609
8237
5640
5550
3926
579
4788
8923
9032
3086
1867
1531
3438
7526
2634
2157
9860
4555
2038
1416
6100
6326
4608
2145
7407
8846
8179
3473
6863
3136
1906
316
3427
5381
9032
3052
9955
8973
8109
9022
8768
5527
5044
6278
9360
1924
6715
5094
8530
5416
3244
8758
3108
2334
1552
8237
1832
7804
2014
4837
5015
6831
6263
4567
7544
6802
2528
7166
1457
4125
7471
6572
4313
9357
4634
7782
2591
328
2822
9022
3347
7049
4333
7141
2251
7867
8562
6830
8804
1907
4004
673
152
3171
7581
2542
2016
4923
3467
1519
4861
9496
9201
311
3067
4895
6844
6808
7825
9979
4986
2561
1560
4581
7207
3084
2864
8978
4754
6305
8704
5613
7786
3999
1487
9774
467
965
7288
3592
5832
7598
6740
2093
3584
9188
6732
4704
22
8608
920
1709
5034
628
9224
6032
6762
6772
8792
7269
953
1419
1548
7414
7494
6665
7641
4626
2788
9367
8192
3366
6165
6106
5330
7734
6810
1799
3903
926
5166
3084
6706
5354
7039
5794
3793
1438
2805
9390
1669
1622
6126
8515
5417
826
9358
8443
4977
4664
4322
263
9004
8492
9010
1885
1471
598
7738
2410
4027
4310
2872
5622
2407
68
5669
521
3389
8475
2625
1394
4205
1310
9865
6202
572
5122
2282
4449
1289
2821
4121
8911
1141
2011
3074
507
6964
6795
3668
334
7954
8946
391
2942
3605
9519
4603
9216
5452
2918
7073
2138
5574
7247
5110
2144
9362
6574
275
6458
9580
1818
5289
1354
623
4531
4803
2001
6284
7094
9114
1334
3141
1266
6960
3282
64
5726
1807
2447
718
9984
5862
2799
4508
4373
1451
1397
5726
4137
453
9270
4344
4662
1401
8850
8849
1099
9776
5135
7457
3234
2632
9588
3491
8598
7305
2460
4245
8499
273
562
4171
3330
9876
307
4519
4535
9757
3487
848
8069
1303
8776
464
1466
8094
8486
7949
1836
896
9891
5369
9877
6287
4838
2423
2177
9904
6267
5271
3973
89
333
5699
4931
9717
1677
8112
6133
9831
9750
3227
5911
2169
7215
8066
5946
8221
1077
3121
6231
5417
9205
3201
5771
9456
3248
7183
4168
2083
9106
1579
2436
6676
7042
9771
9844
5104
3074
5079
1441
5095
8730
7661
9249
8933
5773
1813
7886
1626
7615
2711
4420
2748
2800
4966
4270
2013
1990
1443
6231
3521
4302
3431
7748
6202
1535
2142
4666
6485
1915
6158
6108
2688
1792
4738
9006
4942
4108
5909
7671
963
6406
2543
291
457
9203
9462
4954
5697
7661
3173
5477
3704
3269
6175
7386
2205
4151
6470
8922
500
5078
6585
1602
834
6300
1436
3715
1099
1410
1484
5284
7793
5864
9871
9436
781
9859
804
8363
8677
3038
7561
6381
9569
482
5610
4057
9219
141
6314
3997
5341
7753
7498
7450
4438
8769
2003
8525
4099
6142
7533
7934
4347
3175
2421
7809
6131
3677
114
2854
1853
8591
2057
1763
7038
3097
5238
3163
4631
4412
9061
695
8214
2285
7317
1059
6255
4385
632
915
6905
2057
1303
4327
5073
4926
4748
4049
5232
4723
7531
7218
6807
4619
3520
4477
9172
2988
6995
6345
1626
8046
6647
492
6833
7120
272
9006
8753
1023
9034
2579
3453
6986
2624
4408
6184
5800
6145
8732
5853
5374
8815
3500
5704
7362
1321
8781
6528
2858
4512
7338
7379
6359
3810
1290
6228
3274
8545
1301
3427
9267
2017
4434
5706
8974
2611
812
6760
4496
2241
5448
1741
7638
3752
4381
1311
8875
6404
2860
6854
1704
9895
7839
812
8199
6511
8159
7203
1368
715
8422
6468
4602
1415
1288
4260
3048
6015
9067
4548
7033
4906
6531
7991
6098
5461
5312
6763
4449
9308
6737
853
5635
7983
8272
6205
4178
185
2831
4640
3270
2939
5503
7046
5171
236
4637
9082
2739
9309
270
6722
6175
4227
6830
959
1968
3979
7595
9705
5635
1794
7867
7128
7924
2277
1681
2385
9554
2681
9188
2585
8354
7792
5402
8334
1706
5808
574
534
7913
7654
8645
9683
7984
6246
7661
644
3772
5088
4524
4725
3421
1899
8269
921
4929
5018
8279
512
4215
4241
3965
9524
5415
9570
8369
3643
8846
2260
7338
2089
7347
7701
8399
3601
3029
6365
329
6724
1377
9974
564
9938
439
4186
6695
3385
7664
9761
1887
124
5657
6915
4363
1
2785
5200
6091
2502
8114
8862
5018
8229
9833
3106
4307
5006
9792
4185
1211
7209
3681
5087
1779
577
1383
5469
768
5709
6391
6806
704
3489
9930
9257
6735
1691
1097
2446
9186
4191
5345
4023
828
5637
6760
8904
2610
8516
9488
8313
1189
4490
1819
7888
7564
5568
1325
3875
3725
9329
2338
625
4478
4889
5983
2387
3149
5332
5000
4472
3167
5728
1116
2529
4639
3296
8094
6031
6454
9703
1
8019
5301
8548
6837
3993
4961
7720
7086
7791
6972
7100
2216
3964
8173
7069
1936
8132
6086
8613
2594
2093
8107
8788
1133
4790
4640
3948
1777
9113
8714
418
2580
8109
5838
6138
214
5597
8343
9288
7930
2024
176
7172
7553
5662
5726
6391
9462
901
2229
7319
6291
5037
5517
8082
9707
752
8165
4321
6605
7750
7558
8656
3913
2344
6610
804
7759
8340
3017
8610
175
7638
8613
5362
2822
5222
2981
1467
3358
3494
93
2979
1718
5280
1442
9319
6512
1165
3919
6566
451
9502
2834
135
980
6549
3405
5113
6850
1115
680
7618
6587
3065
2934
1155
1744
2216
2231
5776
3305
3142
9030
2073
9098
155
6283
981
7042
5656
450
239
7444
8302
6412
6700
9752
3691
7987
7620
9813
8396
3703
5472
6152
6237
4860
1443
6732
8354
9484
6734
7245
3550
4449
2684
2468
6646
958
8498
9362
9379
6171
9149
6198
2694
5505
6023
6757
8061
3916
2094
3652
7601
4441
4636
7589
9743
3886
4256
9028
147
6603
7630
8440
4234
1950
1312
8544
4752
6215
6300
2839
3799
1373
1529
3018
7008
4472
2573
2767
5579
1898
4160
7429
401
4690
4611
2779
9861
9241
4852
6021
12
8806
4996
1617
5203
6132
8301
39
3795
1003
8564
3576
191
7433
2838
6871
9442
4037
5338
2645
6787
1307
4249
2607
7345
9899
8341
3798
1254
8678
1918
268
4967
2719
8217
6993
5916
1552
7605
9288
6771
7994
5224
8636
1745
1458
640
4473
6682
9991
9986
9311
291
2255
9355
7514
8805
5394
1234
6125
615
3396
3940
5946
6448
914
7914
5892
1323
8872
1902
9925
9186
6069
1587
6350
1596
2824
8763
5716
8468
5403
1154
1605
9878
4038
3935
2725
9884
8597
2964
2182
9085
7111
156
8695
1990
2195
4711
7347
5627
3369
3299
8119
4524
1347
2711
7715
5765
4910
623
8299
9902
9778
6792
6400
2002
9921
5472
7918
3896
8227
8280
5407
2511
4732
9451
7806
8443
4331
2959
5541
1983
1258
1633
4575
6287
3246
3705
2209
2239
2552
2557
1733
7740
7590
7534
7029
6040
9297
2886
9176
1778
5117
2426
7265
7462
3686
9047
387
826
3154
8256
334
4914
9459
8830
3584
9909
1181
4175
3819
8597
75
8866
5687
3979
22
8331
5865
1090
7451
365
3863
1310
7194
8125
5342
1469
388
8789
6540
7116
5553
456
8848
9760
5981
8881
458
6814
2249
7013
8017
5914
4378
4574
3032
9804
3625
9554
2609
4417
2176
9324
3559
5123
6087
1462
1231
9386
2550
5600
2051
9842
9660
6200
7548
3509
137
5928
5832
5095
3685
2020
4535
4120
4379
8503
9659
2208
5292
8986
3162
7025
258
7142
6003
8601
5405
6426
5154
8610
2288
8539
7412
3552
4695
6558
8383
8590
1562
1047
1882
9877
4887
3012
8058
2895
4368
8829
7280
2978
1316
2240
7932
2287
2168
9502
2108
8867
2609
3667
4593
2757
9227
4072
6378
7701
856
9367
677
9748
6006
3579
8637
9219
8335
8648
9562
3769
2498
198
1588
2139
6127
1790
189
3413
1939
4848
5629
7686
8048
2360
6757
4024
4676
3798
7756
8670
9967
6985
2038
4079
2500
7686
4545
1889
8529
8618
7792
380
462
7943
1698
4313
1124
2260
1374
8788
6016
9551
8828
1749
2804
7228
4994
4466
2178
1713
2951
2731
3603
7059
15
9702
7087
3591
7321
9385
8030
4506
8463
2151
7773
138
2507
76
7966
7197
4103
9985
6772
2368
4457
7447
6790
608
5233
2473
5124
4136
395
1474
3721
8529
2860
6880
3136
1402
7725
5970
8026
3993
7718
6789
6798
1921
2712
4159
4293
7704
8848
7421
2730
9619
4597
5600
937
2399
6121
3755
1923
5840
3383
5032
9582
2148
3637
6146
4360
4988
8723
4637
2595
1235
4102
1552
6437
1992
4585
307
9704
7564
2323
9902
3877
4299
3665
4976
5217
153
2040
3705
3094
3557
6949
4999
6912
9147
173
2304
136
7612
2282
298
4225
7164
1639
840
5161
5963
7357
7218
9971
9303
5277
7993
9870
8946
6870
2800
2229
6333
3836
7532
4636
9229
7298
3941
9122
3318
1368
3456
1001
2525
2734
8419
6017
7672
6875
4431
798
7360
4515
1449
4038
196
1622
2882
5275
1168
416
497
6412
1771
3997
9515
2550
4498
4917
3366
902
9586
4572
4265
587
438
1355
5581
5264
9397
5037
7237
1955
7624
6642
3714
3516
6665
5990
3141
3109
9829
1281
5898
2301
6068
8557
5748
7008
4065
6002
9147
5173
1618
1057
2477
1296
6556
7473
2016
7980
4437
2869
6563
821
6257
6116
1339
8821
9945
2001
4937
941
4100
1783
3683
1214
6682
2935
1302
5578
974
4161
8437
6149
3485
7891
7811
7814
4368
6698
8713
2804
80
7775
1134
3021
3384
4232
1762
5550
2660
1226
8608
8210
8487
3318
6275
4414
3100
7179
6044
5138
1024
549
5663
4239
9868
1463
4374
8440
5304
8124
4543
4673
4010
6882
3928
2682
8192
348
6861
8235
7422
2427
6881
3385
3720
4988
972
5318
4714
5792
5687
7533
2506
1329
7722
3614
8197
2237
4935
3045
7658
8531
3345
8131
9206
4708
5395
2342
6127
4842
100
1715
9182
8582
2103
327
4236
6252
1102
1731
8816
8302
4633
3737
86
4896
6229
3237
5654
5366
9432
3253
5310
8995
2052
2461
9909
1412
9101
6390
1257
623
5429
4279
9918
5994
5105
9690
7529
484
1622
1833
3154
8972
9471
2991
1895
7266
9058
8920
3296
6469
5480
6815
3547
8488
844
1350
6489
9616
8601
3421
136
7086
5608
5772
2957
2672
3582
3136
3856
8770
8867
286
1962
6520
7381
7813
2437
669
7738
6104
9635
9683
9041
3868
753
5003
284
4523
1546
6691
8330
2960
8830
2046
4669
3562
6139
9222
3762
2459
3075
4958
358
6817
8238
5433
5009
8784
2706
902
2650
3556
8887
5275
505
6933
5472
4345
263
7164
5633
3179
9423
8696
967
865
4427
5799
1493
1510
4520
4083
9529
4417
8216
7398
8450
9311
4855
5427
9231
5699
3219
6790
4064
9782
7420
3835
1717
9419
3930
700
1193
9805
2487
9109
7921
362
2316
2431
6103
5355
2917
8192
9094
3889
7689
4121
6543
8642
4257
734
7172
3528
4491
3277
8843
1594
1718
3336
6712
9883
3311
9039
1004
92
9288
7370
2412
2075
5964
8867
8402
8764
8215
4161
2442
74
2733
9425
4292
4229
9895
8292
4889
1138
1422
6629
9787
9508
8628
4410
8440
7261
5507
7868
5724
6484
2078
8238
291
4001
3417
6475
8425
9305
4837
5906
1322
6070
4990
5248
4828
8636
1085
1575
6963
360
5921
6563
6860
9498
3166
6566
6558
3323
771
1426
7391
1791
2140
7843
1675
7832
3579
5969
3382
8720
5936
8921
6501
9849
3793
245
8138
1812
196
1913
5671
6096
6927
4553
3142
1032
1975
9198
7775
9410
1498
6675
6196
4300
3817
4417
8784
7016
6287
8518
5945
511
5681
5953
8937
45
7611
4181
3467
5973
3876
2924
6244
2922
4671
5369
6764
636
4683
2
8478
4561
731
8958
1172
9676
6825
9546
5078
6686
1616
2324
9681
6545
8582
4377
9786
8618
9534
4339
9932
92
2598
4711
7511
549
9723
7813
8520
5423
7537
6198
4927
7136
7167
4575
1616
8634
8586
3474
4634
9417
4214
4247
2244
1436
4317
1690
9788
8031
2585
6561
7183
2599
3795
6249
47
612
781
7023
3680
3081
7720
516
1292
9563
318
5602
8079
2651
7681
3061
2295
2326
2692
1947
9028
6409
8953
8413
8408
1956
9794
2841
8464
7790
936
2765
8287
5326
7259
7066
9774
2430
661
5432
424
1602
5570
3181
1736
8848
7779
9121
8343
9345
3568
5291
3816
5153
3112
7214
7671
3273
3915
9888
7315
8307
4597
7618
9388
4379
3879
750
2270
8313
5112
8005
1784
5071
6395
8557
1597
5374
1321
1842
6526
7265
8515
1316
1475
9852
4878
314
3650
2435
9887
2137
9451
2324
8008
8171
2781
9032
8728
9332
4912
9225
170
2340
9227
9481
2511
6834
3072
3458
5700
7778
9410
1496
3809
403
3423
1924
7675
8426
6607
3652
774
5053
9336
4988
1474
3292
8537
1980
2498
2655
4319
2151
1376
7988
6242
3409
4889
1252
3017
8512
187
8920
1188
4197
2349
7406
2574
2039
6246
9045
6655
111
2247
3220
6256
6640
2882
8077
2248
8695
1847
5802
8065
5923
3852
2213
4503
7191
8842
8224
2548
1121
8138
719
2658
6554
1050
7690
6564
8198
9771
8681
3923
2475
1291
278
4440
6447
2694
1969
7970
9675
1436
5285
3230
8887
1717
8992
3203
2304
6608
6255
1125
2281
2187
3801
4405
9240
1557
1087
4614
4130
8896
8583
5741
5983
5090
6781
201
7396
992
3510
3289
3132
4706
8601
173
5625
8303
7859
1567
2545
7002
6577
373
7692
1319
7431
455
4153
1598
2077
8127
7710
3435
5522
1286
1641
2119
553
4082
19
4705
869
6156
6090
1622
6927
4938
6382
6303
8004
2832
1789
510
2272
5415
3672
3059
398
9026
7476
8574
6857
4638
3859
6654
9437
1315
2666
3114
3292
5106
3233
1833
104
8650
7448
3472
3311
1854
4198
7150
1073
6906
8974
6251
4187
2816
1034
4814
847
8899
5545
7676
1917
3458
2581
7789
3656
5796
5128
9799
5225
5101
9379
6498
8033
4419
7717
607
3179
129
8304
6957
7133
4471
6163
3646
5271
7882
4814
5749
9047
2151
5805
7224
3820
4069
2418
9321
3815
6488
258
3560
3503
4070
5163
4454
4385
8910
4195
2515
2903
6726
5637
3634
6156
350
3469
8874
8114
5849
8532
7215
8199
8777
5198
5687
101
576
4598
1588
3617
5648
1503
9942
7036
6138
506
2705
8713
4335
6826
5725
4462
9383
2004
1886
3954
9301
2102
8978
5642
2594
7560
2392
9804
182
8483
879
7022
5927
1357
2458
8175
5344
2970
4970
2942
2384
8597
4074
8207
2405
4853
7688
7222
7848
4948
6384
9279
4110
2525
7168
9158
6079
5463
1608
283
6890
1265
2788
8213
9477
9183
1225
2816
8747
4716
5843
6954
6327
5528
2873
1420
6578
857
86
6496
9793
1366
651
9873
984
3785
4875
1391
5392
9703
8421
8576
7928
2740
7833
8610
9252
4760
3423
5088
5172
9709
9162
4097
7013
2848
3176
7532
8017
3205
4090
7433
5608
927
9721
162
978
572
131
9083
5057
328
1117
3447
8518
938
603
5235
3800
2839
6751
50
94
9128
4937
5518
3706
6256
8803
325
6195
9993
433
5401
4662
7445
2128
2984
8198
939
488
14
2846
4006
6587
7567
3092
1565
912
4816
1893
8558
8890
2248
3462
1611
2830
3269
5679
4908
1766
8211
6318
2732
1270
8892
446
9744
5129
5784
9067
555
4408
3997
4405
7023
6650
5154
5822
4242
9972
6052
2076
7313
8679
8874
6115
4740
2686
9877
344
4514
9915
5321
2060
6700
284
839
5180
219
5822
9193
5018
2766
4731
8435
4110
266
2809
1642
1081
6536
6686
3425
3315
2417
3705
1533
4024
4878
737
2459
807
7873
4852
1654
2519
49
8397
2667
9660
4333
8996
2544
8393
5957
2460
4518
3979
72
9501
8108
6989
8101
5603
6083
33
2500
7587
4339
3845
25
6131
5214
7429
5176
2494
4961
4298
8477
7085
1662
4919
9326
4933
8469
2882
7994
2082
8994
7056
2361
929
4500
9483
2578
2772
176
1377
5473
2687
7487
3673
1858
1009
4447
404
5599
6376
6319
3145
9916
478
6630
5238
3909
150
9396
7111
2328
8021
347
208
4728
1020
9724
8352
1066
2618
2183
7922
2679
2354
9216
2901
2995
1433
4364
9696
2616
1728
9
2716
2630
2559
115
6939
4709
1818
3878
6735
4818
5425
9439
8002
9048
8437
5851
6123
8761
9830
3490
1200
3865
5772
4258
8641
3434
4395
4346
9628
2893
404
4935
6338
2078
8724
2750
810
5669
5104
3600
5096
6330
1971
2688
8852
4909
5120
12
4355
522
8370
8241
3763
5869
2900
3601
1218
6291
3882
4642
7275
9223
6944
674
7134
9456
4873
2906
6015
1097
127
9670
2245
2690
6178
9366
3266
5577
1047
8769
1981
5488
3094
9089
5428
1301
4947
793
5256
9151
2459
2090
5608
9236
2835
4659
8267
9969
8572
1695
3873
4868
3659
402
8619
8139
7892
5432
4030
8799
8192
4990
2895
5469
4852
6486
889
798
6189
7161
8174
5883
1039
7581
4500
799
7519
7434
1174
2958
9742
2147
3391
114
2667
1199
8546
8669
7635
5542
7858
8692
9702
6521
4278
8072
1650
7582
8708
3715
8171
6899
9766
8090
4946
9071
4832
5276
6945
3168
759
6287
6773
8812
5082
9666
3435
8022
1483
4233
3763
300
5168
5688
7561
3203
370
3263
8565
4771
7137
9
1936
7579
4372
475
8993
9826
2240
9707
7145
5593
2048
8740
1629
2944
1362
7894
4927
9819
1009
2176
7661
3034
345
2461
1511
6877
1480
7847
1663
3914
4275
3691
9181
5254
9376
285
5466
4948
4606
5573
4906
7345
3763
1841
3342
318
9091
9202
295
6765
6777
9885
1404
7895
4768
6530
664
1431
7305
6731
8678
1863
7536
8804
9888
6798
7671
694
8341
7379
3871
7684
3909
8012
5319
5684
6800
5473
937
2354
523
9089
6803
2624
7252
7662
9680
1724
797
2911
8737
9989
640
5699
4939
7884
6171
6169
1761
8247
1006
4948
9651
7386
7142
9831
9543
469
1981
2383
3273
7733
5089
6833
2035
7977
9574
9005
536
7302
7227
2417
9352
4788
6843
6998
4485
3998
1219
7985
574
406
5998
3263
2051
5375
1891
4039
2846
9617
8812
4652
8119
1899
2913
8412
7336
1566
2410
6307
9740
5002
6424
2782
3198
7224
8398
7501
7553
1845
5678
3357
7158
3786
6346
282
8065
3672
8805
7027
6499
8505
3679
5445
6351
8681
9263
231
4456
4334
2674
2848
4105
7920
6861
5214
9466
6305
1968
563
1912
7827
5243
3112
5071
6656
8060
3644
4175
2222
5844
7766
4411
6776
3888
455
8010
1656
8456
9055
2998
7790
7519
7031
9077
6625
3905
9484
9436
2324
2467
3637
8428
5049
7921
9745
3819
3594
5927
1483
5451
1415
8927
6487
2859
1962
6551
8309
1291
4761
1009
6388
331
3315
4394
2229
6645
9475
7891
4862
4780
3231
7428
3768
4168
2504
9961
4315
3376
9883
7396
597
4955
2722
8203
8809
3578
7919
7367
5431
3470
2249
5271
4644
3751
3868
9811
136
9498
5075
4129
6009
7198
826
5001
9044
5553
8070
2034
144
1035
2801
8077
1590
8430
2525
7166
8171
818
4052
3315
1009
2237
9019
9719
2565
9520
2491
5580
391
1008
9055
2261
8445
7164
4993
1987
7977
5490
6062
2484
6235
9270
3644
4601
1869
5967
6549
1321
4335
9283
9573
2871
4972
5744
9505
3601
127
2426
8179
1487
2860
9942
9517
4854
3480
6208
8311
1935
7549
7161
4089
8504
9036
9947
1606
3084
8749
5432
7756
2344
7546
8839
5811
2214
8016
1529
3257
8984
3381
717
2132
5408
610
9740
4719
8555
9003
8537
4489
8918
4235
3899
2012
1030
8133
2473
1535
3739
4098
2426
4617
6817
8529
2532
4238
9685
6890
2165
5392
7972
1266
6154
2669
8090
1803
2372
3762
7520
4975
7046
4493
8976
1314
35
2895
3286
3831
1755
2203
8598
2058
5569
9717
7808
4915
4392
8065
5389
4253
3809
3778
3678
4662
6187
7951
2542
6930
8758
3730
4682
2906
8232
4071
3531
7391
1581
6040
3658
8642
111
9006
9539
8333
2015
3402
641
319
486
7349
4992
6659
2213
9151
3691
4002
1107
7523
5481
8273
2912
1364
4576
4477
8354
7452
2199
6839
1483
3651
1193
6364
4730
3324
5290
6479
2791
753
8717
2780
8518
7906
8084
714
5775
6144
9788
5918
5897
5327
4143
4271
5603
3761
3862
2619
8504
7946
1694
4672
7519
8407
4185
7015
1900
7171
4964
6981
1633
6032
2795
4354
2748
1541
6704
4220
5552
1645
6992
9616
4145
5557
7893
9158
8773
1993
8778
2523
5816
8864
5806
7541
8943
16
775
5470
9086
2895
9756
8084
2523
4849
5953
5060
9677
9881
4947
6837
3727
7933
7108
4199
8050
8895
9785
8624
8640
577
6492
6141
5327
6196
3268
9869
2043
6849
86
766
8186
6182
3968
402
9803
5452
3193
6145
8601
6644
8038
8372
4027
8005
5723
23
8420
2411
1763
1315
5828
5518
2665
8554
6410
7119
6363
5301
6181
8849
4032
9171
3421
1322
399
481
5057
2559
3602
5668
719
3293
6687
9988
7688
6149
7677
3857
9197
160
155
5324
8467
9146
604
274
947
6168
2314
9312
8434
76
1957
84
6513
8022
9908
40
4001
5832
7377
380
2805
7976
8229
9399
4083
5730
8903
2479
4993
1631
8116
3323
7383
3986
8917
8126
6715
4719
2811
3982
4552
517
6382
3655
1233
8019
2601
1507
6557
5068
9019
6902
5172
9691
7135
2503
6294
9530
4649
3021
4677
6299
7288
3143
4842
7475
6383
182
5679
4812
9605
2597
308
9031
9930
3831
5074
6187
5755
2418
5487
937
3995
2412
594
747
9165
9282
6950
8628
4789
8647
7933
802
8210
6666
6910
1269
2744
7486
4263
3260
6462
2779
2363
8665
124
6939
4357
9133
1475
7169
4671
6063
9142
9849
8470
7394
8897
4360
9110
5641
698
7
4128
5010
9355
8109
1990
3585
9834
6954
2678
7235
3372
4064
9336
4919
7931
4375
9168
4641
8282
5808
89
9033
9055
4509
3061
3849
7456
9622
2831
8178
8009
3582
5332
834
67
2248
2204
9585
7033
6717
7796
1624
616
1121
8473
2541
723
7963
4961
357
2295
7943
2339
6064
8957
3595
3567
6930
6800
9104
2050
7860
8263
4688
4296
4988
3362
5962
7693
2739
7677
8026
4773
4425
4949
6097
9132
9522
5840
4862
6469
1709
169
9390
4243
2648
7667
2278
9797
808
5236
2819
9001
1459
3488
8794
4777
207
1843
4378
9504
8575
9852
36
1525
3314
7545
926
9212
5703
6171
8491
5181
537
5069
1151
8538
6962
9874
6888
1547
9358
2001
9711
2020
9001
1214
2007
574
3631
6871
8440
1875
5380
884
5891
177
7919
1793
339
6247
3637
6042
7863
8051
1601
8206
1235
6828
579
4420
5649
6782
2792
1970
5073
8206
4749
6856
2584
5314
7095
9126
6287
7506
9411
9360
4136
4008
8562
1523
2983
1214
6556
8961
825
2682
1972
648
3109
1075
942
8110
9430
6350
2674
6582
636
9691
6746
3900
1474
7050
1982
2729
4267
3059
8127
8317
1513
9082
7090
3270
3427
7919
7943
3569
7370
978
2325
1848
5813
1844
8130
6899
6504
7946
7796
6299
4705
6471
2291
989
581
5047
5733
1552
5874
4180
9428
1819
9658
7498
1892
679
8228
3981
2959
1140
6088
4556
964
6281
9940
2853
2594
4168
3730
4553
8471
1507
8150
2294
6757
9361
875
4646
1613
7653
2964
3188
8761
205
3191
4098
9898
4842
1254
5368
7034
4054
6418
2180
4851
2816
2696
5567
5248
3645
7841
9965
1911
4975
8922
7534
1872
4715
9863
3232
2261
8954
8851
4291
8095
690
4312
1855
7142
7720
5056
2088
2619
5879
3637
1121
3772
8616
1403
7311
3949
1781
4244
4319
4406
3796
7162
5518
9143
4671
5481
2119
5489
8561
4917
3139
8122
830
6996
2185
9177
2707
7689
7643
2537
9058
5492
6710
2616
3327
8409
2250
1282
548
610
8286
9481
2442
4573
5850
2169
2103
3801
4261
7514
6591
3764
5140
6326
6578
392
8835
8545
3751
6533
4282
1283
5145
9487
7767
2079
5471
5619
3703
5711
1480
1766
9057
5923
4270
9259
9051
8128
6365
4585
6483
5125
1230
8075
5275
3807
1248
1369
96
1948
1012
2219
1341
7705
5517
884
3186
944
6155
5139
5890
3400
8582
5493
932
3803
5354
9650
4115
5979
5621
1540
5093
2282
9695
5482
7814
3200
789
7672
2820
4449
5388
7095
3979
2639
752
8229
9524
2500
7691
5271
777
1848
8342
3683
3939
8007
5016
1770
8206
4880
1490
4001
4807
1775
7525
5446
8773
9167
3865
461
1807
9852
4120
7353
6530
6050
3292
7468
5928
3247
666
8331
5716
8567
2803
8008
4774
5513
9654
7477
6049
8143
7335
7576
1254
7143
8591
4767
6902
204
7248
1686
6485
9539
6723
5438
1520
5829
9423
7789
4211
4928
1148
8357
6257
5523
4574
1105
4761
6633
5927
6285
6825
2107
2984
8962
1891
8067
9786
6828
5106
8169
8653
5539
4467
367
9881
293
8498
7858
4619
7831
8089
1485
7681
4867
4904
6783
9758
4797
3260
6114
9550
4082
9918
5584
7925
9775
4424
4378
3154
4785
8117
6214
1681
3527
9203
7110
8307
1645
9279
7581
5490
9305
2229
4223
6658
4042
7591
2490
9953
6915
8052
9102
6420
452
4949
8070
84
2857
2260
3010
3165
6349
9492
1149
1577
2377
1701
315
4234
719
6561
9003
1102
4482
2947
6715
4628
3601
9473
8487
8877
267
4430
1183
8358
2144
8533
6178
6064
259
4861
1862
1162
6146
2670
4510
2473
9281
2508
4698
5077
9114
2589
988
7245
4612
5741
3404
6236
4026
5126
6766
4872
7639
7545
8148
8695
7894
8224
7455
6563
4801
4740
4089
8480
2274
9963
6955
8877
3052
6218
6284
6797
7204
5337
8221
6933
6411
9298
9165
6304
1061
4199
3011
8086
5172
6760
128
9643
9565
6638
3035
382
6764
263
5546
6861
4468
9756
9626
7894
2432
7529
4001
4610
2246
5669
1326
4284
7828
2312
9557
4554
9243
2851
8359
3819
8746
7252
4160
2271
4976
1746
7841
3041
479
3565
2281
6668
4002
8063
6021
4248
8469
7093
7069
7065
4251
2774
5198
3898
8683
8082
7584
1551
9460
9831
3612
7665
9844
1270
6048
9844
2144
4591
4263
2982
3299
3858
7592
7409
2515
8462
1112
1327
2900
2482
7874
2584
6317
1575
3646
6942
3096
2043
7384
6958
6693
6836
6580
6496
9286
9677
7790
7513
2975
5132
8586
374
2410
5511
3049
9197
9515
1081
8621
553
2059
4553
9471
8356
8887
3584
9918
9803
230
8489
3927
200
5096
3831
9839
1933
825
1333
1543
4177
1145
5732
4718
5054
891
2649
9566
2945
486
7692
6177
3890
6345
4118
7494
7675
1409
4269
1969
8857
8446
830
9653
7909
8719
2947
6076
7625
7754
4151
9714
5284
8226
5784
7958
959
8863
1293
5479
1921
2156
7359
1836
7701
3897
3221
501
9142
9837
841
3641
5059
9771
4589
3373
343
5290
1327
4084
5766
111
1807
9141
2978
7501
5210
5729
7431
4321
3879
8646
3409
2585
8341
6890
6466
8879
2038
5486
8242
4242
5761
212
529
1138
826
2634
5498
7183
91
2516
255
7985
6386
325
4580
9519
9049
1457
4646
3154
6324
8433
8979
3941
1204
9565
7874
1999
2732
8894
369
3413
5175
817
4798
9728
1670
9121
5886
9063
1450
3178
9084
2766
514
8359
186
6558
5454
9141
8545
8484
9084
4343
358
3643
7816
9876
3546
9332
6938
4339
4201
2099
3845
3497
6461
1403
787
8472
1634
6130
3320
2704
5810
791
8441
1561
3460
3972
9663
9229
3029
8969
2031
3929
9901
5784
9077
4844
4966
5957
132
7080
4502
2450
5772
3091
4055
2820
5345
2375
9386
9941
1423
5756
879
6871
1804
4860
2022
836
782
8645
3597
9868
5790
5528
6252
5372
2087
1591
3631
101
1731
413
6023
806
3485
3482
4488
7067
2825
4448
569
5293
1402
7898
6517
8472
6317
4013
63
843
4705
4418
4419
1026
2957
7074
1056
333
9411
5952
265
6940
1576
2816
449
8499
7907
1645
5599
2548
223
2153
6527
1987
1736
3940
6306
3033
6260
7774
1087
5534
9721
1095
6736
8391
8665
3379
3904
7791
9900
6904
8958
4503
5218
6574
1483
7124
7715
8089
9529
4921
7108
7581
7535
8737
6607
7855
1236
8533
7793
6516
1789
36
1244
1328
2176
4967
287
1308
9379
4458
7843
9855
7098
4129
1800
9423
8369
1068
6730
1790
8213
4447
3572
1267
3632
6777
45
864
2714
4142
8062
5336
9397
4829
4160
4339
3007
8837
7921
5717
616
949
9414
4331
2562
6941
9350
5529
618
6132
2679
2903
1908
1490
5034
9897
7091
5496
1889
729
7028
5870
5681
7548
3102
3409
4408
2115
3032
8034
8674
5061
5251
2700
8522
556
8670
9749
401
8295
8184
1560
5356
8725
3697
8114
2343
6983
5690
8452
3769
9501
3104
795
9382
1003
5566
5925
881
9955
5363
5367
9086
8966
1048
5363
4740
727
2783
7153
6175
4750
1247
7414
9434
689
3155
3117
847
4200
6669
7210
349
9330
2857
6750
3488
1109
7716
1424
5937
6016
487
3427
5075
7913
5172
9745
2142
8535
8637
6163
1331
9743
4715
836
140
194
5613
6848
7095
687
9552
5682
6761
7742
4160
2585
529
9820
9318
6756
2059
3562
1987
2647
3141
9503
3422
6073
6762
1045
6139
2375
7696
40
2234
7889
2567
6835
6735
8342
5518
4847
7691
6684
9494
6818
8285
5076
7440
2373
8756
112
4265
7827
1404
5857
899
538
630
1094
9230
8246
4843
3611
7524
2581
588
7742
457
906
7179
424
4952
3313
8279
6369
3437
9034
7425
8373
7064
3380
4284
3432
7132
3488
8811
7969
1727
9071
8353
7290
520
2184
6270
3499
5942
832
9869
8623
7214
7294
9944
696
3405
1696
1264
8469
3185
6282
4316
8381
2875
849
8765
1376
9654
2462
1066
4359
7229
3371
9617
5045
5591
31
1932
2036
1969
1776
2000
4617
2529
6438
933
2053
2575
3668
2456
1788
8849
2156
82
980
5225
5538
2458
1408
8987
6288
2991
4235
7201
4687
2904
5635
2039
1857
4118
1898
9474
849
958
8861
5049
5296
8871
7198
6272
5471
2794
87
1552
8449
1398
2596
1168
4511
9182
7140
6182
4380
6216
4008
7405
3496
49
2927
8858
6368
5696
1695
7448
9520
7678
5770
6381
4282
7854
2469
498
2790
6704
9305
955
5389
1522
3939
6651
8798
6685
1621
3070
6203
5612
3871
3583
4033
4945
5375
2778
3645
6488
2729
6127
4513
4455
9207
613
9187
8974
6033
8372
7933
7362
4732
9196
9464
8392
2515
6523
8618
7786
1449
7935
5799
1842
6552
6467
9923
3524
3646
3863
1972
2770
3351
9101
4939
2207
3214
3804
5626
1747
5617
2249
823
7637
5897
82
7243
1153
4562
9238
7296
5851
6682
9735
5210
6594
7941
9436
5312
3876
7018
5111
5377
3125
2961
2350
4571
2009
917
9274
6026
4311
1335
1965
5521
2156
3970
5579
7206
9261
7976
5496
2764
9898
6823
6410
5620
5042
5633
7497
8985
3919
102
1930
2623
9903
7568
3682
6866
4906
4473
8901
128
4296
9343
49
1300
6821
6210
7423
8154
5254
7751
9937
6896
6991
2477
7244
289
8658
9175
9771
2015
1692
9885
9458
9188
5914
1384
3021
5332
6470
4871
3982
9232
1434
299
2741
5447
1047
4629
9977
3318
867
3596
4819
7530
6637
8240
1738
7168
2951
3975
9273
1101
3640
8153
3859
1866
4994
776
3112
8259
4669
9324
1703
3649
5949
865
1670
4724
270
1292
9131
970
9846
6822
9691
8342
8539
911
836
7058
4800
6820
8240
9585
2983
2575
4316
1038
8123
732
2751
7998
7466
8639
6539
331
3437
1817
135
6075
9854
4158
2880
6173
4842
8274
2693
7342
1603
4530
9800
7987
9807
8219
860
1880
6461
3827
5272
7852
735
5009
6952
1883
1725
5852
3873
7007
828
1666
7358
3250
388
3375
4375
1174
6517
1201
9347
670
5518
2021
8857
8433
4349
5823
1488
9663
6261
3905
4472
5253
2337
7404
1466
3951
877
6876
6474
2771
4742
3845
2022
6034
5269
8842
3353
257
953
4915
1095
1674
8167
7596
8565
8800
7026
8513
8151
523
7149
6243
4522
9737
3572
4272
7547
1136
2508
6442
6649
4640
1059
6913
2074
7957
2264
7427
5003
7646
4122
8712
7910
4584
7111
2358
490
4332
2810
128
6773
1335
8700
7240
1754
3067
2121
1871
8339
6859
9834
9950
4998
3049
8040
1942
8642
2637
9529
9421
4926
9312
5645
1841
5621
1236
2099
8884
4215
935
4519
7656
6145
3452
9953
1044
8887
4180
1716
5563
212
2718
4491
8617
5267
4221
3420
5328
2175
5370
6916
2458
6503
5737
8647
813
8323
5623
6678
3120
6823
7658
6604
4139
2043
4403
9022
4824
4954
9150
9195
7840
7528
40
3711
4759
5259
7472
8861
8386
9269
5481
1985
6833
1970
7409
8902
8918
6447
6360
6871
6494
9558
4654
9205
6443
2623
4672
4325
5714
7357
1681
8680
2848
9531
764
4677
6217
5743
6138
7692
4310
3177
3802
4488
727
9904
6960
4572
1617
4383
7148
9539
3405
3021
964
6875
3236
5953
7471
5003
1264
430
5132
9310
9537
3036
1315
8160
4391
4471
1036
8334
6577
8103
8839
8677
37
4940
4624
4253
7584
8149
3591
9932
6895
3107
8878
8436
7586
6629
9784
8550
245
8184
4743
166
966
4766
7825
9508
2171
6221
5245
808
1858
8769
3858
7948
6968
9697
1633
3273
84
9487
3485
4576
7240
7775
4016
9190
8612
4180
7338
842
4331
1890
5910
8905
6628
4930
9144
2935
1159
8257
998
705
1682
3459
8032
2216
5399
8795
1724
524
5357
8310
5511
781
8057
9592
3861
2976
6494
5822
454
8792
4153
9351
513
5630
8210
869
7466
7663
266
7898
2577
6733
6753
1350
2968
9195
8723
6373
773
1332
5284
6170
1661
5396
5124
22
1881
8631
1709
5174
7988
9842
5916
4164
1801
1994
8790
7391
1437
84
2676
5261
7597
4645
1346
9302
9493
1920
6437
5013
7853
2761
5239
5083
2980
4575
1195
8079
6503
4704
2879
7970
9172
6462
1958
3268
807
3751
5208
2177
5596
6321
5606
467
166
40
722
5656
2831
6396
9069
9467
4277
9379
6242
689
4333
4500
2967
5747
8387
198
2716
13
3095
5221
850
2785
5276
8811
6791
7410
2865
6972
2867
2337
7134
9448
6646
1352
5456
6244
3063
7495
3432
6749
5432
9952
417
1852
2829
7423
2121
3022
5540
6961
7570
4629
6385
8061
7226
4146
8638
6992
6602
8778
3322
5910
3258
4775
7224
2061
7484
8320
6814
5817
3643
1856
4313
2020
7103
7310
838
9659
3200
7625
6857
5170
2702
4490
1331
2762
9507
7646
8653
687
7776
4459
9083
1554
7038
7451
4907
9293
4809
4070
23
2568
1817
3784
3695
8455
102
2530
8644
1078
7442
549
6184
2365
652
5883
519
4905
5191
6661
6681
7441
9996
3648
2347
4622
6911
2458
5188
9583
1344
7872
832
2768
4527
1717
2873
6127
6533
8883
8264
8281
8025
7740
4266
5108
2764
1569
5502
8724
4506
628
9907
6913
1177
1339
2873
8998
532
7713
9631
4551
7028
3309
2985
1716
5041
9859
4140
9329
9018
6325
5911
6266
7469
4703
6376
9852
8745
9766
2475
4107
5896
2507
9000
1609
3995
4460
9740
425
3665
5962
1557
9209
4819
1718
9070
4028
7267
3365
3332
8871
1518
9682
9608
7892
9992
331
9546
1975
302
5400
1217
4241
9686
2099
1955
972
7544
8106
8912
795
5687
5160
7877
8776
7942
1716
3193
4646
3665
6817
9662
1201
8436
6317
9321
9901
3387
6179
9161
5219
2378
9231
4009
6615
9804
9032
7969
3218
8412
4318
2823
5505
6198
3655
9745
2136
7549
4071
3473
1479
8332
4488
55
9319
162
142
8555
6782
563
6177
8098
890
4807
3696
9665
8000
8826
3873
5333
9628
8584
2827
4980
7479
5387
6902
609
8293
5303
2705
2314
4224
8559
4442
330
9766
3433
8420
5435
7195
9550
8834
9542
7703
4204
4421
898
3387
1825
6494
872
7909
6597
2440
7143
1866
41
7149
4462
2330
3603
6968
5282
5824
8060
7076
7155
7570
9469
1055
2380
1292
95
860
3190
6963
6877
748
9598
1991
1718
4489
7856
5330
2988
5752
4617
737
8073
5037
9912
8768
7932
5090
1546
3462
2486
1797
8637
2253
8087
5609
4377
9136
6557
6480
4434
9777
2644
2366
5251
8636
7400
6701
8924
2689
1894
1920
1771
5305
4717
2015
4218
2299
3913
1227
9270
8500
4289
8805
3149
5039
6603
577
2711
9683
5357
2250
5638
5152
1565
897
7594
6112
1900
6531
5940
4672
3656
6717
3745
3482
5627
1872
9154
6956
8005
189
8881
9689
8825
4655
3871
9150
7327
9965
7903
8468
7134
1990
1181
2918
8390
9304
376
2209
1433
7596
1691
8268
4864
1996
480
1394
6506
5300
1840
9054
3993
645
9321
4101
9385
5297
403
6746
4814
2739
4544
8788
8966
1643
8215
7451
8215
8093
7548
8881
5872
5119
7739
1310
2159
8651
8013
2783
4761
3254
7242
5601
9744
2513
7463
2900
6447
6068
5340
3658
4863
7214
1059
2295
9168
3024
4187
1887
1563
1170
8075
242
7605
3058
4470
987
1466
5733
2899
7252
4222
5942
6719
186
7256
8851
4116
7055
3343
6950
6584
6362
1852
1815
2735
9980
5746
9199
1289
7036
6613
5332
9000
5931
3680
3851
5182
404
8045
7422
2794
2011
9066
8837
9284
8666
4376
8477
9581
7030
4527
2001
6035
7744
8997
3438
8434
7816
5133
4882
6891
8341
1161
5238
8124
7849
6795
2865
1920
9753
978
6806
8809
7174
17
9453
4772
4890
9802
4417
7284
1703
2427
1852
2993
7073
5947
2233
6542
4487
3474
2216
6984
4926
7180
8120
8715
1295
9774
1157
3101
6329
7492
1942
3063
7772
2558
4223
1417
4812
9297
8580
5526
9382
4423
5523
2481
6609
5500
7523
724
5846
2747
3898
6752
6507
1099
4550
1927
6897
1487
3100
9502
3552
304
9692
4307
9628
2934
77
5958
531
9352
6905
7317
1787
6918
6766
2009
4628
8146
2067
3305
62
8498
6001
4904
7609
3259
201
3611
9144
4200
2956
1467
5489
9940
2933
634
7191
8655
4458
6661
7193
2886
8324
8788
7880
5084
8948
7344
822
8617
9263
7033
6882
7335
1741
2063
3469
8971
790
837
3982
9745
5806
2789
275
5452
4262
4656
3393
2908
6357
7326
9722
1536
3458
5568
2076
4659
31
2132
5442
3527
9147
3932
2160
8213
4184
8435
8549
6418
8610
9320
3136
3550
7934
3943
5214
5599
3615
6643
1446
1988
3799
8043
6702
1883
9144
3582
3152
7031
6780
7222
5608
5013
7665
4461
527
4423
4371
9944
4297
8145
3025
908
5637
34
3106
22
3477
1357
4593
3808
5900
7202
4777
1851
1976
8291
5534
3520
9205
3133
9368
8267
6357
9139
8007
5239
5566
2577
3322
8216
3076
5691
4706
5439
3333
7608
4618
8766
4403
2455
8223
9935
2560
4044
4077
9544
9094
9245
9577
791
9
8193
8462
6666
5636
7528
8189
3239
5704
5180
4795
8859
5374
3844
5918
7368
5786
8264
2730
8538
8713
7372
2516
1418
5728
7211
5932
7171
3845
5730
2537
1559
5387
278
7587
2766
109
1957
1503
8692
6965
6653
842
4375
9452
2396
8190
3598
751
9883
2894
7073
4567
9401
7509
5345
223
8336
897
4007
8508
8577
7951
6499
1314
4911
9348
513
8637
1060
4228
393
1164
6888
2711
7336
5211
6746
747
1943
8135
1714
3712
8091
1864
6087
9466
3170
1040
4259
5473
8879
7612
6418
713
2935
749
3616
6260
4585
2769
595
6306
5789
8557
621
9204
7682
6843
528
8302
1774
3954
3473
5040
5588
8143
7559
4305
3382
6524
2068
6351
8239
1949
9219
5093
218
4358
4708
5053
6810
6851
8405
8737
4862
6464
4616
6851
1636
8195
3266
8526
4173
8108
6128
5128
7797
4462
1264
7362
6434
2653
9437
6348
8608
1337
8215
4374
5866
4946
8376
8665
8917
2699
6981
4070
1014
5658
894
5711
2386
3042
9873
2894
5318
5050
9948
3929
6806
8604
768
4002
9120
9031
4419
4846
5865
8345
1939
3572
8090
8033
8923
8592
2596
5946
2328
5626
589
6048
3248
7229
9493
9112
636
5203
2637
1872
5845
6770
4922
4778
5888
4006
9727
7769
7900
2451
5543
9135
70
6190
220
4531
3583
8132
3929
1515
8494
2002
2660
2815
7755
8626
9584
7157
7326
3594
9473
9522
3659
3853
3168
902
8345
7346
7
1067
2315
1273
6393
3690
3585
4972
6100
220
4503
836
6295
279
9931
1495
4314
9391
6652
8072
3167
5797
9393
8014
6894
8811
2008
6632
8009
8516
208
6880
2994
9275
1717
9748
6888
2443
6365
1367
6193
3522
8501
936
9215
8655
2283
3207
6282
8428
6159
9998
233
7137
5192
1857
5389
732
1726
2082
730
8115
2254
720
703
927
1786
8992
9166
7184
5730
4116
6892
3362
7220
5368
8743
5480
1799
6114
4316
2622
6265
5131
6317
6671
7369
236
4057
9410
9681
3251
170
4759
3061
4997
8634
2951
9614
6117
9553
7046
7013
2773
5742
6777
4460
8747
7372
8821
7029
634
8777
4309
1302
320
589
8668
4521
5837
2609
7529
6299
7430
2872
4552
9933
989
5699
9038
5251
3664
8529
9085
6052
6607
4642
2665
2556
8734
8910
5988
850
7821
5243
9391
1436
6777
5040
7304
2378
2775
1923
1177
5988
4155
8541
1532
3498
8863
1145
9365
1621
5287
6830
8897
5210
8426
5176
7608
4696
1235
6692
8648
3152
3274
7498
757
4253
3005
9469
6594
2869
2862
1323
9372
2590
2888
3855
1120
6421
4434
3640
110
1586
4265
2031
5516
5959
2708
8072
8353
5931
760
6909
1604
8054
707
4060
3354
1214
3098
3848
3350
4372
6208
4903
2288
6615
851
1759
6498
4779
720
2918
6191
4573
9472
9785
4893
2464
2779
4165
9348
1231
9235
9549
9641
5750
2959
4999
5634
4670
7175
9272
8881
9164
6586
4811
1795
8569
845
3846
5942
7572
120
7082
7455
6113
4721
754
5798
3849
5103
8217
8723
4040
4094
8382
4840
995
1972
5654
9113
6891
7379
4128
8384
307
5764
9140
5579
3856
7216
6477
4706
3446
2685
5586
6052
1513
2418
190
4318
9308
6517
5706
9661
8271
8203
496
6288
9315
7408
1379
6311
8146
1273
7040
7680
4257
840
7731
3215
216
8128
2180
995
7076
7037
5848
8260
7350
9327
7746
5369
8536
2479
6815
1624
781
1820
1819
5584
4238
2698
2335
8090
1453
4255
9236
5897
8954
6628
5750
1732
1069
5237
7880
8039
416
4663
2417
1715
716
6769
706
2046
1648
1766
2128
7056
9358
2873
1002
6321
9431
4057
9076
4893
4163
6205
297
7760
1472
5206
3823
454
7156
1420
7285
8327
1063
586
5216
2416
3827
1972
453
5392
8647
5118
8033
3296
8834
8048
4433
528
5329
8994
5458
1137
1006
9610
736
7095
8886
2835
2538
2672
9701
5045
4715
4211
2399
8854
7397
8742
460
6018
1534
4200
1764
8757
3009
5550
6847
965
1691
1280
689
3048
1716
4411
3883
6328
5442
3744
3766
2063
293
8121
3552
6199
7217
7335
7898
7169
2114
8146
6589
5518
4721
3876
2678
4309
7967
2902
1996
1269
9910
2103
1225
5636
4073
5592
479
3463
2196
5169
8973
1326
7990
5379
8132
8524
441
2575
7669
749
5570
5675
589
3509
1216
7868
5746
2002
9500
3152
5275
7015
9018
8361
6219
1015
9417
6895
7477
4446
8071
5734
9458
7493
740
8715
2044
9819
1263
3645
8548
1644
7056
4952
1510
9935
4132
149
5332
7763
2509
7220
349
3463
2434
6286
4836
361
667
1224
4147
7856
4489
3643
4587
2319
1729
7395
2853
250
435
7740
8742
8239
9001
6599
5896
9634
6080
7131
4270
2956
1609
220
2192
1489
8663
1997
5514
2584
9967
1102
6430
8349
1348
2139
6827
1481
594
5658
658
120
9421
9520
4745
7350
6774
9990
1297
290
6116
6948
3630
7118
1708
9674
4544
5773
7916
7904
4401
1901
9709
7503
3488
4693
6155
6457
2550
6572
2961
5513
5712
8461
9996
5044
5254
567
6610
9896
6283
7419
2883
7850
1145
328
6032
3407
1292
5753
7290
3429
7315
6053
2423
9569
2337
1611
130
3295
6277
8747
6640
8656
1203
6981
3259
1310
8215
7218
2488
7047
652
3778
5432
1944
6313
7486
1685
6765
3081
1975
7498
9076
8872
3163
7228
6941
2889
1253
8332
5886
3995
4518
1311
352
7655
2078
8415
2562
474
2097
2889
7320
1521
1671
3589
7895
5392
3375
1127
1963
2390
7540
6969
4765
2866
5015
1182
8620
244
9040
8346
2645
1022
7415
2357
6796
8889
7636
8139
3288
1062
3496
2712
219
9289
2075
3695
6439
230
1195
1251
1333
4111
7088
9830
2415
2817
3031
5191
3271
3808
1652
1403
3199
1484
9675
5009
8213
9779
6903
4013
2174
9655
9548
6568
3587
1300
8197
9274
5798
7120
411
5152
6290
1250
2700
8904
8561
3976
4682
9439
2105
3307
4937
7606
6882
8697
255
3953
2044
2393
3149
6712
5312
3942
7016
5687
1088
3802
4359
2659
7084
5052
5456
9814
9777
9883
9176
8011
850
3093
1390
8265
7552
901
788
4496
3653
2987
692
202
6548
4048
5724
2786
4320
1991
3675
5469
8437
2032
6330
2130
7677
672
6513
4954
2959
6218
3067
8318
7641
2669
1382
2888
2548
1474
7052
1731
7297
2776
7849